#92307.70,25702.92,33254.72,29094.83,42044.61,657,-108,-50,14868,-4092,7908,A~
#81509.44,24346.15,33103.45,27625.00,48672.20,430,-162,-10,13064,-4176,11180,A~
#28717.95,8939.16,12401.79,11826.92,66190.48,236,29,-466,13856,-4144,8960,B~
#44019.23,18071.12,21887.02,11873.91,38653.85,127,-224,-21,14860,-4352,7452,D~
#69779.01,23555.27,35643.57,27272.73,82738.85,263,108,19,14964,-3516,7580,E~
#30669.64,9318.54,12111.31,21622.91,37193.88,1623,-3157,-299,14792,-3404,8800,F~
#101250.00,25702.92,30399.41,12748.64,35476.97,356,-357,-236,7080,14184,6792,G~
#44941.41,19483.14,11968.37,11921.05,72685.71,30,-1273,191,6528,14108,6476,H~
#29868.42,23266.83,29221.90,28225.35,56372.09,-1048,-2303,984,16168,-4360,3456,I~
#63290.82,20520.83,12063.49,12015.85,55068.49,703,-228,-376,16172,-3044,4020,K~
#84000.00,24346.15,32655.28,12698.56,27863.13,150,-41,-155,13636,-4500,9808,L~
#44941.41,14738.37,17305.27,20194.95,82120.26,552,234,-236,15660,-3160,6180,M~
#49474.79,17373.42,21105.88,23555.27,59130.43,342,-194,-46,14640,-3132,8740,M~
#53811.66,19405.83,23458.65,22335.77,51717.39,-1139,-3921,-302,15524,-2660,6364,N~
#41003.65,15690.00,12549.37,13416.67,43125.00,2557,1841,1214,-10944,3056,12580,P~
#58421.05,21798.56,27983.19,13843.99,25170.16,271,-333,-290,-7556,2016,16528,Q~
#58071.43,21276.60,20357.14,12900.00,52302.63,-50,-328,158,15684,-4348,3784,R~
#42905.66,21535.71,19100.00,12900.00,69313.19,-3121,-313,549,15204,-3604,5216,R~
#49746.84,20936.77,27041.10,30399.41,63692.31,264,49,-81,15776,-3020,5420,S~
#61343.28,22335.77,27983.19,17648.94,40197.84,184,-107,-253,15664,-3444,3544,T~
#59130.43,21448.93,26811.99,17579.62,45176.47,341,-113,-177,15704,-4332,4752,T~
#52302.63,19638.82,13311.81,12015.85,50858.37,134,-87,-287,15816,-3248,5600,U~
#49474.79,19252.23,17373.42,14970.70,55714.29,-25,-144,-83,15960,-3336,4460,V~
#59130.43,8320.67,11968.37,11594.46,58421.05,-51,-422,139,15280,-3144,6952,W~
#58071.43,21535.71,30265.49,19252.23,44941.41,-155,-140,-132,15836,-1384,6140,X~
#30399.41,18577.68,27863.13,25488.13,27041.10,150,-345,-309,14780,-1940,8964,Y~
#29478.26,18358.69,29221.90,25065.28,27743.73,269,-104,-19,14744,-1556,9248,Y~
#50858.37,20357.14,25702.92,12255.77,42044.61,7626,4754,20287,9028,9048,9464,Z~
#51717.39,20852.80,26698.37,12900.00,37551.38,-17152,-4291,-20254,4124,-3376,19356,Z~
63290.82,26472.97,34340.84,30265.49,35980.07,67,-4,-216,13480,-4380,9852,A
67945.95,24447.30,35311.48,34340.84,66190.48,-1741,99,811,15284,-4344,5964,S
59853.66,23848.10,32215.38,26472.97,90102.75,-716,-18,-388,14684,-2604,7468,E
52008.73,19483.14,22795.56,23652.39,60591.13,82,-1282,-326,16396,-148,2680,M
63692.31,21798.56,24346.15,24045.80,55068.49,-316,-641,-248,15828,-1188,5712,N
51142.25,18577.68,20936.77,22065.22,68852.46,624,453,-235,16432,976,5808,M
57725.12,22795.56,30132.36,24753.88,60220.59,772,-922,-360,16268,-352,5284,E
