61725,23362.5,30669.64,27389.5,50297.87,-1984,-2019,-16,16120,-2568,4068,A
64097.94,23266.83,29607.56,26811.99,48148.15,151,-117,-240,16012,-2644,68,A
68396.74,23266.83,29478.26,27272.73,49746.84,122,-827,-84,15888,-2872,-8,A
65340.31,22245.15,28347.46,26361.18,46626.5,-1249,-1794,1588,15548,-3652,-448,A
66622.34,22426.83,28717.95,25702.92,48937.5,1187,-188,-383,15744,-4092,236,A
67058.82,22518.34,28842.86,26585.37,49205.02,593,-609,-225,15584,-4280,420,A
65340.31,22426.83,28717.95,26361.18,48409.09,-748,149,-228,15972,-4308,496,A
66190.48,22518.34,28717.95,26698.37,46875,-2362,-1261,-463,15360,-5772,984,A
63290.82,22335.77,28593.75,26250,50021.19,348,65,-124,15804,-4096,696,A
60220.59,22426.83,28593.75,26139.41,46875,812,131,-452,15840,-4240,676,A
64097.94,22335.77,28842.86,26585.37,46875,330,-673,-241,15752,-4448,760,A
70250,22982.67,29221.9,27272.73,43346.01,-1284,-1169,386,15736,-3884,1432,A
68852.46,22610.29,28470.25,27389.5,44708.17,110,194,-49,15764,-4792,1080,A
73189.65,22518.34,28593.75,26250,44476.74,-115,-232,-262,15836,-5056,1448,A
72187.5,22245.15,28717.95,25920,46626.5,-346,-662,142,16152,-3376,1780,A
71207.87,22065.22,29221.9,25920,47378.05,67,-464,-281,16036,-3492,1980,A
70250,22154.96,28225.35,25381.58,46380,223,-812,-284,15948,-3748,1972,A
69313.19,21975.9,28103.93,25702.92,46875,-91,-415,-125,16056,-3560,1788,A
68396.74,21622.91,28717.95,25275.59,46135.45,-41,-323,-200,16064,-3460,2000,A
71207.87,22702.7,28103.93,26139.41,47378.05,-355,-69,24,16228,-4196,2628,A
70726.26,22426.83,28717.95,25595.24,46135.45,22,-336,173,15784,-4656,1512,A
68852.46,22154.96,28225.35,25595.24,45176.47,-613,-466,-62,15856,-4452,1936,A
68396.74,22154.96,28225.35,25811.17,43793.11,72,-74,-131,15656,-5000,1968,A
66622.34,22154.96,28470.25,25488.13,45176.47,149,-139,-205,15588,-4840,1820,A
70250,21975.9,28103.93,25488.13,44941.41,236,-213,-24,15696,-4712,1956,A
66622.34,22702.7,28225.35,25381.58,48148.15,1535,-541,143,15852,-4192,2076,A
64507.77,22426.83,27863.13,25920,46135.45,285,-31,-279,15672,-4720,1092,A
65340.31,22154.96,28225.35,26139.41,45176.47,247,-261,-299,15672,-4736,1240,A
67058.82,21887.02,28347.46,26029.41,44476.74,-446,-328,-158,15744,-4404,1604,A
68852.46,21887.02,28470.25,25702.92,43568.71,-53,-264,-217,15716,-4428,1704,A
64921.88,21975.9,28225.35,26029.41,43125,-249,-111,-189,15600,-4936,1180,A
62500,21975.9,27983.19,25595.24,43125,-87,-91,-245,15708,-4932,1288,A
63692.31,21710.53,27863.13,25811.17,44247.11,424,87,-223,15712,-4840,1320,A
63290.82,21710.53,27743.73,25488.13,43568.71,367,-169,-250,15616,-4740,984,A
69313.19,22245.15,28968.48,26361.18,47125.5,-314,-57,-163,15664,-4828,1892,A
68852.46,22245.15,28593.75,26139.41,47632.65,-92,-64,-53,15704,-4788,1884,A
64921.88,22065.22,28717.95,26250,46875,109,-78,-398,15660,-4948,1724,A
64507.77,22065.22,28717.95,26139.41,47125.5,130,6,-283,15604,-4896,1712,A
69313.19,22245.15,28103.93,26472.97,45176.47,-36,-79,-52,15732,-4448,2000,A
69779.01,22335.77,27863.13,26361.18,44708.17,98,-276,-215,15728,-4528,1420,A
70250,21975.9,27506.93,26029.41,44476.74,-143,-584,-350,15724,-4568,1936,A
68396.74,21887.02,27743.73,25595.24,45176.47,-149,-438,-167,15748,-4672,1684,A
66622.34,21622.91,27272.73,24960.94,43346.01,126,-383,-240,15740,-4656,1368,A
28717.95,8571.43,12255.77,11548.44,65340.31,-203,-221,311,15708,-3876,5040,B
28225.35,8644.07,12207.45,11733.45,63290.82,192,-188,266,15804,-3616,4872,B
28968.48,8753.87,12304.27,11686.96,63692.31,-119,-209,-596,15692,-4280,4788,B
28593.75,8827.64,12255.77,11733.45,64921.88,-117,-139,-357,15612,-4352,4748,B
28225.35,8901.87,12255.77,11733.45,64921.88,136,-201,-284,15892,-4056,4992,B
28470.25,8864.7,12255.77,11873.91,64507.77,46,-202,-370,15732,-3728,4928,B
27743.73,8939.16,12304.27,11873.91,68852.46,340,-277,-678,15812,-3364,5364,B
27983.19,8827.64,12401.79,11780.1,68396.74,447,-196,-78,15672,-3608,5484,B
28225.35,8864.7,12500,11780.1,64921.88,101,136,-123,15576,-4048,5548,B
28717.95,8827.64,12401.79,11780.1,66190.48,-79,-131,-77,15564,-3940,5544,B
28225.35,8864.7,12450.81,11780.1,66622.34,64,-158,-187,15632,-3964,5600,B
28593.75,8901.87,12798.91,12015.85,71207.87,420,68,-133,15776,-3624,5308,B
29478.26,9089.48,12798.91,12015.85,64921.88,-81,16,-113,15592,-3720,5376,B
28593.75,8790.7,12748.64,12015.85,67500,110,-497,-430,15740,-3744,5452,B
29478.26,8976.56,12798.91,11968.37,67500,-98,-405,-501,15724,-3784,5648,B
28842.86,8901.87,12798.91,12063.49,67945.95,355,-171,-383,15684,-3644,5816,B
29737.61,8864.7,13053.01,12159.29,73189.65,2,108,131,15780,-3848,5292,B
29221.9,8939.16,13001.82,12304.27,71207.87,67,-162,-205,15600,-4352,5192,B
29737.61,9014.09,13053.01,12207.45,72685.71,130,-284,-225,15616,-4112,5072,B
28842.86,8901.87,13053.01,12255.77,72685.71,167,-107,-265,15616,-4228,5172,B
29478.26,8901.87,13001.82,12207.45,69313.19,2,16,-240,15656,-4080,5092,B
30265.49,9051.73,13416.67,12207.45,64921.88,-346,-195,-38,15712,-4364,5048,B
30534.13,9014.09,13155.96,12111.31,65340.31,305,-113,-47,15980,-3680,4964,B
29221.9,9051.73,13207.72,12063.49,72685.71,272,-133,-159,15836,-3948,5052,B
29349.71,8976.56,13207.72,11968.37,68852.46,128,-110,-206,15792,-3884,5128,B
29221.9,9051.73,13155.96,12111.31,68396.74,635,-534,-400,15708,-3900,5152,B
29607.56,9127.36,13364.14,12352.94,68396.74,-422,-1198,-558,15868,-3328,4660,B
28968.48,9165.35,13311.81,12255.77,69779.01,424,-204,-389,15748,-3440,4196,B
29737.61,9165.35,13259.67,12255.77,68396.74,-148,-89,-230,15860,-3612,4700,B
29737.61,9165.35,13259.67,12304.27,66190.48,44,-316,-183,15736,-3704,4532,B
29221.9,9089.48,13259.67,12255.77,67058.82,268,-364,-121,15816,-3832,4436,B
29607.56,9051.73,13207.72,12304.27,67500,375,-679,-348,16052,-3488,4336,B
29737.61,9473.68,13735.96,12450.81,68396.74,-853,-133,121,15784,-3832,5028,B
30000,9434.71,13628.73,12304.27,68852.46,402,31,-129,15840,-3500,4348,B
29478.26,9203.47,13575.42,12255.77,63290.82,-240,-135,-204,15928,-3524,4304,B
29868.42,9318.54,13628.73,12207.45,65763.16,76,-286,-195,15932,-3424,4228,B
29737.61,9203.47,13628.73,12304.27,71694.91,258,110,-269,15744,-3464,4928,B
29094.83,9241.71,13522.3,12207.45,67945.95,29,-545,-342,15940,-3308,4168,B
29094.83,9014.09,13575.42,12159.29,68852.46,-85,-443,-331,15912,-3124,4032,B
29221.9,9241.71,13735.96,12549.37,64507.77,145,179,-344,15748,-3848,4652,B
29737.61,9241.71,13682.25,12450.81,70726.26,517,-609,-319,15836,-3628,4652,B
29094.83,9395.87,13682.25,12401.79,65340.31,521,-202,-151,15988,-3428,4432,B
28968.48,9280.06,13628.73,12500,68396.74,1461,-495,103,15804,-3516,4328,B
41623.61,16902.29,23848.1,18286.34,44941.41,-83,-968,-54,15368,-4848,3452,C
41003.65,16444.67,23652.39,18725.27,51428.57,1535,-477,-457,15828,-3776,4576,C
39803.57,16252.54,22702.7,18214.29,47125.5,4398,-2235,306,15688,-3524,5220,C
41208.79,16252.54,22426.83,18142.55,45176.47,3343,-775,-525,15824,-3344,5216,C
43346.01,16639.18,22888.89,18504.37,44941.41,-1621,4,-834,15788,-4208,5076,C
40800,16509.24,22795.56,18214.29,46135.45,-1491,1185,-943,15744,-3104,5000,C
41415.44,16444.67,22518.34,18142.55,43793.11,-36,-507,-111,15760,-3736,5512,C
41623.61,16509.24,22795.56,18358.69,43568.71,1692,-1349,420,15556,-3540,6008,C
38281.25,16380.37,22426.83,18286.34,49205.02,-1819,-348,-835,15616,-2932,6380,C
42471.91,16380.37,22518.34,18142.55,45413.38,978,-721,-25,15848,-2932,6124,C
42471.91,16444.67,22702.7,18142.55,45652.17,812,-339,25,15936,-3632,4676,C
46135.45,17102.51,23458.65,18799.56,41003.65,797,-444,106,16004,-3240,4924,C
44941.41,17510.59,24145.41,19328.86,41208.79,-1087,-154,-439,15800,-3392,5668,C
43568.71,17102.51,24145.41,18799.56,43346.01,81,92,-441,15696,-3720,5464,C
43346.01,16968.75,23652.39,18651.32,42044.61,1601,357,-153,15544,-3368,6076,C
41623.61,16444.67,22518.34,17788.46,24346.15,-520,-155,-317,15688,-3656,5652,C
41208.79,16316.32,22518.34,18071.12,47632.65,172,-362,-209,15752,-3628,5336,C
41415.44,16316.32,22518.34,18214.29,47378.05,-193,-525,-188,15616,-3536,5480,C
40197.84,16316.32,22610.29,18071.12,45413.38,2426,-1527,-162,15832,-3812,5732,C
38281.25,16000,21975.9,17718.55,45892.86,531,-559,-181,15232,-4908,6112,C
39414.89,16000,21975.9,17718.55,47125.5,197,-107,-304,15256,-5004,6000,C
39803.57,16000,21887.02,17718.55,45892.86,548,-366,-322,15120,-5064,5696,C
40197.84,16062.75,21975.9,17718.55,45652.17,981,-344,-162,15128,-4780,5876,C
39608.54,15937.5,21975.9,17718.55,46380,332,-194,-72,15268,-4720,5476,C
40800,16000,21975.9,17718.55,44941.41,459,-553,-205,15232,-4924,5496,C
40000,16062.75,21798.56,17788.46,47125.5,-29,-329,-286,15292,-4796,5664,C
39031.69,16000,22065.22,17648.94,46626.5,709,-549,-118,15368,-4752,5460,C
40197.84,16000,21887.02,17718.55,43125,-445,-569,-223,15436,-4452,5684,C
39031.69,16000,21887.02,17718.55,46135.45,437,-240,-189,15424,-4660,5584,C
40000,15937.5,21710.53,17579.62,45176.47,217,-245,-232,15400,-4608,6132,C
38842.11,15937.5,21622.91,17579.62,45892.86,-109,78,-455,15384,-4708,6132,C
39031.69,16000,21710.53,17510.59,45892.86,-115,-334,-132,15132,-4728,6372,C
39414.89,16000,21798.56,17858.67,41833.33,-1037,-80,-36,15040,-4056,7180,C
39222.61,15937.5,21798.56,17929.18,42471.91,836,-367,-52,15212,-4428,6112,C
40597.83,15937.5,21448.93,17858.67,42471.91,586,-647,-327,15292,-4208,6452,C
40197.84,16062.75,21535.71,17648.94,53811.66,-327,-92,-31,15268,-4540,6392,C
39414.89,16189.02,21535.71,17648.94,55389.91,-63,-203,-180,15372,-4660,6240,C
38096.89,16125.76,21622.91,17718.55,52302.63,-97,-209,-203,15356,-4580,6372,C
40197.84,16000,21362.56,17648.94,55389.91,-976,447,-387,15280,-4380,6932,C
41003.65,16062.75,21362.56,17579.62,54750,165,-363,-212,15272,-4652,6440,C
40597.83,16000,21448.93,17648.94,53200,1771,-2699,258,15172,-6288,3744,C
40800,16000,21448.93,17648.94,53504.46,-68,-222,-203,15464,-4556,5512,C
42471.91,15937.5,21535.71,17648.94,53811.66,22,253,-501,15460,-4416,5728,C
43125.00,16639.18,22982.67,11873.91,43125.00,-4610,-267,541,16196,-1612,4520,D
43346.01,16252.54,22795.56,12255.77,45652.17,978,-130,386,16552,-784,2664,D
40597.83,16189.02,21975.90,12698.56,43793.11,-207,-452,246,16512,-836,3084,D
41415.44,16189.02,22245.15,12598.92,44247.11,-258,78,484,16360,-1640,3096,D
41415.44,16189.02,21975.90,12598.92,42257.46,-89,-350,-293,16320,-1540,3152,D
42687.97,16189.02,21975.90,11921.05,44247.11,351,211,11,16492,-1360,3108,D
45652.17,16380.37,22610.29,12598.92,43793.11,140,351,-72,16072,-1936,2016,D
47632.65,17035.49,22245.15,11873.91,45413.38,-69,-293,-170,16128,-1800,4772,D
48148.15,16770.19,22518.34,11780.10,45652.17,21,-562,496,16344,-1736,4084,D
47632.65,16836.10,22888.89,11502.59,44708.17,-317,-475,-324,16296,-2128,3420,D
46135.45,16704.55,22245.15,12015.85,43793.11,-145,113,-721,15832,-2764,4260,D
44708.17,16639.18,22154.96,12352.94,42257.46,777,-1127,1499,15856,-3396,3568,D
46135.45,16509.24,22335.77,12255.77,41208.79,740,-76,-292,16260,-2140,3188,D
46135.45,16380.37,21887.02,12255.77,45892.86,-110,-261,-174,16124,-2948,3240,D
45892.86,16444.67,22065.22,12207.45,45176.47,-68,-62,-335,16104,-2700,3180,D
43125.00,16509.24,22154.96,11873.91,45892.86,1708,-662,-1182,15952,-3076,2880,D
42905.66,16252.54,21021.13,12748.64,44941.41,-512,-68,50,16220,-2780,3736,D
41415.44,16189.02,21191.04,12352.94,46135.45,-335,-446,461,16892,728,5548,D
41623.61,16125.76,21105.88,12352.94,46380.00,222,-130,-405,16020,-2332,3824,D
43346.01,16062.75,21105.88,12401.79,45892.86,-367,-451,-666,16404,-1320,4112,D
41623.61,16125.76,21191.04,12255.77,47632.65,9,-43,-367,16236,-1512,4436,D
39608.54,15751.50,20852.80,12063.49,46380.00,4408,-2944,-538,16364,-1788,3336,D
42905.66,16574.07,21362.56,13628.73,44941.41,-86,401,115,16476,-1160,2032,D
43125.00,16316.32,21276.60,12900.00,46875.00,399,-79,-579,16360,-1216,2216,D
42044.61,16125.76,21191.04,13001.82,45652.17,-194,-169,-204,16500,-916,2704,D
41833.33,16062.75,21448.93,12950.82,43346.01,69,-140,-353,16440,-1080,2784,D
40000.00,15875.25,21276.60,12500.00,44476.74,1177,206,-2097,16184,8,3076,D
39803.57,15813.25,21276.60,12015.85,45413.38,149,-372,939,16492,164,3968,D
40197.84,15813.25,21105.88,12111.31,44476.74,196,72,86,16252,-2488,3036,D
40800.00,15813.25,21191.04,12063.49,44708.17,453,-449,-133,16360,-1836,3640,D
40800.00,15813.25,21276.60,12015.85,44019.23,268,-260,-403,16224,-1848,3724,D
40800.00,15751.50,21105.88,12063.49,44476.74,-811,-472,214,16076,-2228,4212,D
42687.97,16316.32,21975.90,12015.85,42471.91,563,-187,-112,16268,-2196,3644,D
41833.33,16316.32,21710.53,12063.49,42687.97,114,-273,-11,16160,-2116,4012,D
44476.74,16509.24,21710.53,12352.94,41415.44,164,-293,-251,16320,-1940,4076,D
45176.47,16380.37,21622.91,12352.94,40597.83,105,-58,-330,16344,-1984,4208,D
42257.46,16444.67,21710.53,12401.79,39803.57,57,-146,-97,16092,-2400,4072,D
42257.46,16316.32,21535.71,12255.77,41833.33,194,-224,19,16152,-2232,4184,D
43346.01,16189.02,21887.02,12255.77,42257.46,992,1410,-1821,16220,-1628,4644,D
43346.01,16770.19,21276.60,13001.82,48937.50,-9,-580,357,16324,-1936,4012,D
40000.00,16574.07,20769.23,12950.82,47125.50,356,-168,-353,16164,-1908,3604,D
41623.61,16574.07,20686.05,12748.64,46135.45,-148,-303,-136,16348,-1480,3916,D
42471.91,16444.67,20520.83,12698.56,45176.47,465,-131,-351,16260,-1608,3892,D
57042.25,21362.56,31081.08,24045.80,69779.01,68,-258,-445,15440,-5380,2024,E
62893.40,21276.60,30534.13,24346.15,72685.71,129,961,59,16016,-3500,3236,E
60965.34,20936.77,29737.61,23750.00,79722.22,719,-518,-31,15756,-4168,4132,E
63290.82,21021.13,30132.36,23848.10,79141.10,240,220,-72,15840,-4336,4392,E
62500.00,21021.13,30534.13,23848.10,72187.50,257,-453,-258,15904,-4196,4240,E
60220.59,21276.60,30805.97,23555.27,67945.95,258,-314,-92,15740,-3708,4340,E
64097.94,21105.88,28347.46,23555.27,68396.74,-120,130,-356,15616,-4228,4444,E
65340.31,21105.88,30132.36,23458.65,69779.01,235,-517,-141,15720,-4476,4096,E
58774.04,20936.77,30000.00,23458.65,64097.94,182,-667,-178,15740,-4072,3836,E
62110.55,21105.88,30132.36,23555.27,67945.95,-281,-72,-237,15796,-4192,4740,E
63290.82,20852.80,29868.42,23266.83,65763.16,155,-53,-355,15624,-4488,4168,E
61343.28,20852.80,30265.49,23362.50,63290.82,3526,-1581,-315,15760,-3516,3864,E
59490.29,20769.23,30000.00,23362.50,60220.59,-136,-281,224,15780,-3940,4428,E
64921.88,22610.29,31500.00,25920.00,71207.87,322,-495,-181,16032,-3472,4068,E
64507.77,22245.15,30805.97,24960.94,65340.31,1175,51,-509,15980,-3504,3572,E
65340.31,22335.77,30669.64,24651.16,64921.88,-49,134,-241,16040,-3396,3264,E
64507.77,21975.90,30132.36,24548.97,68396.74,-144,-195,-20,16000,-3764,3596,E
63692.31,21710.53,30669.64,24245.52,62500.00,216,-278,-163,16076,-3532,3584,E
66622.34,21887.02,30669.64,24145.41,62500.00,-88,-453,-187,15940,-3640,3560,E
61725.00,21535.71,32507.74,24651.16,56705.61,196,-452,-18,15900,-4116,3164,E
61343.28,21887.02,30000.00,24045.80,64921.88,225,-287,-271,15940,-3720,3032,E
58774.04,21887.02,30669.64,24145.41,66190.48,131,-63,-307,15864,-3792,3048,E
61343.28,21887.02,30265.49,24346.15,62110.55,71,-254,-256,16156,-3708,3008,E
63692.31,21535.71,30399.41,24346.15,63290.82,16,-144,-263,15916,-3720,3056,E
62500.00,21622.91,30000.00,23946.70,62110.55,228,-222,-243,15976,-3860,3248,E
62110.55,21448.93,30265.49,23848.10,64507.77,221,-271,-225,15896,-3764,3308,E
62500.00,21622.91,30265.49,23750.00,66190.48,188,-81,-206,16112,-3676,3132,E
58071.43,21021.13,30805.97,23750.00,58421.05,1959,-1417,-108,15724,-4284,3744,E
57725.12,20686.05,29737.61,23555.27,58071.43,-837,-90,-231,15928,-4120,3392,E
64507.77,20603.25,29737.61,23555.27,67945.95,79,-15,-310,15904,-4548,2848,E
58421.05,20686.05,30265.49,23362.50,64921.88,84,-169,-399,15728,-4356,2968,E
55714.29,20603.25,29607.56,23458.65,72685.71,676,-496,-377,15936,-4060,3532,E
58774.04,20852.80,29868.42,23171.64,69313.19,-182,-140,-496,15756,-4484,2712,E
57725.12,20438.80,30265.49,23555.27,64921.88,239,-700,-92,15956,-4156,3148,E
57382.08,20603.25,28968.48,24651.16,66622.34,116,84,-432,16020,-3848,3444,E
56705.61,20686.05,29094.83,23946.70,72685.71,589,-386,-384,15656,-4248,3020,E
55389.91,20603.25,29607.56,24245.52,70250.00,-66,-522,-33,15868,-4248,3204,E
56041.67,20686.05,30265.49,23946.70,68852.46,151,-297,-271,15908,-3840,2984,E
68852.46,22154.96,32215.38,25920.00,64921.88,576,-707,592,15956,-3616,2828,E
60220.59,22154.96,30943.12,25170.16,65763.16,-56,-155,-380,15948,-4200,2372,E
68396.74,21975.90,31783.54,25702.92,64921.88,233,-485,-277,15816,-4120,2740,E
64507.77,21887.02,31219.88,25065.28,62500.00,232,-221,-286,15920,-4032,3040,E
72685.71,21975.90,29737.61,25275.59,69313.19,74,124,-169,15960,-3984,3276,E
33714.29,9710.15,13053.01,18577.68,44019.23,777,-819,-187,15660,-3212,5900,F
32953.12,9951.22,13628.73,18504.37,42257.46,-201,-739,-103,15496,-3532,6196,F
32953.12,9750.00,13735.96,18504.37,44247.11,1538,-423,-24,15496,-3592,5924,F
32507.74,9951.22,13682.25,18431.37,44941.41,-84,-258,-82,15800,-3196,5832,F
33103.45,9951.22,13735.96,18504.37,46135.45,195,-407,-70,15720,-3244,6288,F
33406.94,9870.34,13682.25,18504.37,45652.17,124,-269,-150,15700,-3316,5716,F
33254.72,9750.00,13469.39,19483.14,41623.61,164,-73,55,15840,-3176,5404,F
34340.84,9830.10,13789.87,19024.39,42044.61,650,-585,-48,15836,-3372,4944,F
32803.74,9670.42,13898.31,18874.17,41833.33,130,-213,-236,15920,-3600,4852,F
33560.13,9951.22,13898.31,19024.39,44247.11,-36,-279,-176,15796,-3512,5072,F
32953.12,9991.86,13789.87,19024.39,42471.91,-48,-181,-199,15956,-3068,5404,F
33714.29,9870.34,14228.57,19100.00,43793.11,332,-297,-92,15724,-3788,4932,F
33254.72,10073.53,14173.00,19024.39,42905.66,134,-670,179,15684,-3992,4624,F
33714.29,9951.22,14173.00,19175.95,42257.46,247,-111,-320,15732,-3388,5176,F
33103.45,10155.74,14228.57,19024.39,42905.66,34,-385,-86,15684,-3588,5336,F
32803.74,10155.74,14228.57,19175.95,43125.00,-34,-290,-278,15716,-3608,5032,F
32361.11,9830.10,14007.56,19328.86,35147.06,426,394,-41,15852,-3612,4448,F
32215.38,10280.06,14228.57,19175.95,43346.01,394,-601,-116,15728,-4012,4284,F
32803.74,10155.74,14173.00,19252.23,41415.44,-300,-441,-236,15752,-3904,4736,F
33103.45,10280.06,14117.65,19175.95,42257.46,540,-252,96,15924,-3840,4524,F
31926.61,10114.57,14117.65,18949.11,41623.61,-48,-496,-234,15908,-3896,4108,F
31783.54,10155.74,14173.00,18874.17,42044.61,-76,-386,-314,15888,-3676,4616,F
33714.29,10155.74,14117.65,18949.11,42471.91,98,-61,-281,15792,-3832,4620,F
33560.13,10032.63,14173.00,19175.95,40597.83,-1011,-127,-358,15588,-4052,4328,F
34340.84,10155.74,14228.57,18949.11,41415.44,579,-745,-145,15940,-4368,3892,F
35643.57,10073.53,14228.57,18799.56,43346.01,64,-191,-234,15792,-3852,4848,F
31359.52,10280.06,14173.00,18725.27,41623.61,-35,-166,-218,15776,-3820,4864,F
32507.74,9591.35,13053.01,18874.17,39031.69,464,-43,-120,15884,-3896,4016,F
33714.29,9870.34,13575.42,18651.32,39222.61,112,-255,-240,15908,-3976,4208,F
33254.72,9991.86,13682.25,18651.32,38096.89,170,-194,-159,15780,-4040,4340,F
34340.84,10321.78,14452.98,18286.34,41415.44,1130,-257,-41,15724,-3420,5124,F
33869.43,10321.78,14452.98,18071.12,38096.89,148,-112,-48,15732,-3844,5336,F
33869.43,10073.53,14228.57,18214.29,39608.54,81,-190,-153,15716,-3736,5372,F
33869.43,10238.49,14396.55,18142.55,36666.67,-195,-558,-195,15740,-3508,5160,F
33560.13,10073.53,14340.34,18214.29,38466.90,151,-299,-193,15660,-3544,5080,F
32953.12,10280.06,14340.34,18358.69,39222.61,45,-450,-89,15688,-3604,5120,F
33714.29,10490.03,14623.55,18071.12,39608.54,1335,-224,-326,15224,-5440,5012,F
33406.94,10532.44,14566.47,18000.00,40000.00,196,-498,-271,15440,-4924,5400,F
33103.45,10575.00,14623.55,17929.18,41623.61,10,-97,-304,15400,-4860,5260,F
32803.74,10447.76,14566.47,17858.67,39803.57,-216,-550,-247,15708,-4200,4832,F
35643.57,10532.44,14566.47,17929.18,40197.84,1394,-54,-220,15696,-3980,5572,F
33560.13,10490.03,14566.47,17858.67,39608.54,429,-7,-172,15736,-3704,5140,F
33103.45,10405.63,14509.62,17929.18,47889.34,-646,-106,-269,15552,-4284,5344,F
51142.25,23946.70,31219.88,12352.94,33103.45,54,165,-299,5448,15156,5728,G
62500.00,23171.64,29607.56,12352.94,33714.29,1097,80,-348,5548,16020,5136,G
69779.01,23171.64,30534.13,12401.79,33103.45,-121,-115,-129,5404,15424,5340,G
72187.50,22518.34,28842.86,12450.81,32953.12,-113,-198,-193,5344,15188,5340,G
72685.71,22702.70,30669.64,14284.35,33560.13,54,-65,-165,5284,15436,5524,G
68396.74,23266.83,29221.90,13735.96,32215.38,401,-1272,-633,5376,15456,5352,G
68852.46,22982.67,30534.13,13898.31,33103.45,190,-223,-222,5340,15440,5092,G
72685.71,22702.70,31926.61,13522.30,32070.55,158,-256,-263,5544,15428,5284,G
64921.88,22888.89,30805.97,13682.25,32953.12,108,-358,-266,5232,15192,5276,G
64507.77,22245.15,31081.08,13789.87,32655.28,157,41,-86,5296,15268,5476,G
60965.34,22610.29,29868.42,13001.82,29478.26,499,93,-235,5356,15180,5272,G
69313.19,22245.15,30000.00,12401.79,27983.19,-425,304,289,5212,15876,4876,G
71207.87,22518.34,29868.42,12900.00,28225.35,479,-244,-347,5444,15528,5300,G
65763.16,22154.96,30805.97,13001.82,28593.75,-31,-611,-320,5288,15468,5344,G
71207.87,22610.29,29868.42,14340.34,28225.35,228,224,-187,5736,14956,5636,G
72685.71,22610.29,30000.00,12950.82,28470.25,83,-613,-390,5360,15420,5584,G
67945.95,22245.15,30000.00,14062.50,28842.86,71,131,-72,5276,15316,5564,G
67500.00,22245.15,29868.42,13522.30,28470.25,311,-416,-414,5368,15324,5624,G
69313.19,21887.02,29607.56,12500.00,28470.25,184,-255,-272,5196,15224,5676,G
68396.74,22245.15,29737.61,12748.64,28593.75,64,-45,-133,5524,15132,5684,G
67945.95,22245.15,29221.90,12950.82,28717.95,157,-779,-418,5212,15400,5396,G
70726.26,22154.96,28470.25,13155.96,28225.35,275,-163,-141,4996,15156,5844,G
62110.55,21975.90,29094.83,13001.82,29221.90,468,-398,-287,5216,15524,5464,G
68396.74,22518.34,28103.93,12849.36,28593.75,-329,-290,-266,5232,15432,5552,G
62110.55,21798.56,28842.86,12798.91,29478.26,194,-369,-326,5220,15440,5236,G
66622.34,21798.56,28470.25,12900.00,29607.56,145,-226,-212,5052,15412,5324,G
64097.94,21710.53,30265.49,13001.82,29868.42,252,-415,-265,5132,15500,5492,G
68396.74,22065.22,29094.83,12950.82,30265.49,215,-292,-306,5048,15356,5348,G
66622.34,21710.53,28842.86,13053.01,31359.52,21,-116,-192,5072,15412,5360,G
59490.29,21887.02,30805.97,13001.82,30669.64,133,-210,-176,5208,15392,5396,G
70250.00,22154.96,28968.48,12450.81,30534.13,192,-401,-223,4920,15400,5312,G
67058.82,21975.90,28103.93,12748.64,30132.36,-3,-339,-159,5156,15652,5368,G
62500.00,21448.93,28593.75,12698.56,30805.97,235,-235,-318,5036,15376,5252,G
64507.77,21798.56,28470.25,12849.36,30399.41,196,-150,-147,5132,15520,5296,G
67945.95,21887.02,28842.86,13104.40,29478.26,113,-162,-184,5048,15456,5112,G
62893.40,21622.91,29221.90,12950.82,29868.42,197,-243,-198,5180,15400,5352,G
65763.16,21276.60,30265.49,13104.40,30132.36,98,-240,-271,4992,15472,5324,G
66622.34,21710.53,28717.95,13104.40,30000.00,96,-198,-145,5040,15284,5268,G
64921.88,21535.71,29221.90,13207.72,29868.42,142,-322,-250,4920,15332,5280,G
67500.00,21535.71,29094.83,13207.72,29094.83,188,-252,-220,5036,15516,5036,G
65340.31,21798.56,28470.25,13364.14,30132.36,128,-286,-186,5004,15496,5312,G
65340.31,21710.53,29221.90,13311.81,30265.49,121,-196,-198,4968,15452,5280,G
65340.31,22065.22,29478.26,13311.81,29737.61,39,-195,-246,4916,15532,5168,G
60591.13,19795.92,12111.31,11921.05,67945.95,643,-1047,-665,3740,16008,4044,H
58071.43,19717.19,12255.77,12015.85,67500.00,-64,-238,-162,3784,15832,4128,H
58421.05,19638.82,12159.29,12063.49,67500.00,-253,-33,-113,3720,16028,4024,H
58774.04,19795.92,12304.27,12159.29,68852.46,353,4,-394,3948,15916,4356,H
60220.59,19560.81,12450.81,12111.31,64921.88,21,-413,-266,4212,15756,4284,H
59130.43,19483.14,12500.00,12207.45,58774.04,-166,-46,5,3836,16212,4244,H
57382.08,19560.81,12450.81,12063.49,63692.31,-4,-28,-312,3868,16124,4168,H
61343.28,19405.83,12304.27,11968.37,69779.01,-437,439,50,4124,15792,4372,H
61343.28,19483.14,12500.00,12015.85,65763.16,164,-537,-224,3732,15880,4180,H
62500.00,19560.81,11968.37,11921.05,63692.31,21,-477,-186,3728,15856,4144,H
62500.00,19638.82,12304.27,12015.85,68852.46,-70,-150,-2,3748,16044,4152,H
62110.55,19717.19,12111.31,11921.05,68396.74,-355,-207,-194,3648,15548,4340,H
62110.55,19560.81,12255.77,11826.92,64921.88,116,-10,-225,3760,16128,4084,H
58421.05,19483.14,12304.27,11968.37,74215.13,790,-599,-978,4064,16388,4120,H
56372.09,19560.81,12352.94,11826.92,64921.88,-248,113,-131,3860,16276,4100,H
57042.25,19405.83,12401.79,11968.37,62110.55,514,-686,-442,3724,16080,4384,H
54434.39,19024.39,13364.14,12111.31,64921.88,214,-331,-295,3912,15832,4224,H
51428.57,19175.95,12900.00,12159.29,68852.46,-739,-517,-384,4188,15928,4752,H
55389.91,19175.95,12549.37,12015.85,71694.91,52,674,-87,4140,15532,5048,H
53811.66,18949.11,12648.65,12063.49,70726.26,-1069,912,586,4292,15528,5844,H
65763.16,18874.17,12648.65,12015.85,62893.40,-392,596,143,4024,15932,5832,H
52898.23,19024.39,12648.65,11826.92,65340.31,143,-151,-329,3896,15760,5436,H
48937.50,18949.11,12352.94,11968.37,61343.28,296,-245,-207,3812,15808,5624,H
53200.00,18874.17,12450.81,12015.85,62500.00,33,-199,-306,3916,15844,5324,H
51428.57,18874.17,12500.00,11968.37,65340.31,163,-294,-258,3832,15872,5396,H
53811.66,18874.17,12698.56,11968.37,65340.31,188,-268,-312,3904,15652,5596,H
52302.63,18651.32,12648.65,11968.37,62110.55,82,-225,-197,3740,15820,5456,H
53504.46,18949.11,12598.92,11968.37,62110.55,83,-171,-84,3692,15824,5488,H
57382.08,19328.86,12598.92,12015.85,60220.59,234,-179,-355,3632,15652,5944,H
56372.09,18949.11,12648.65,11873.91,59490.29,212,-265,-242,3596,15776,5384,H
56372.09,19328.86,12648.65,11968.37,60220.59,124,-215,-222,3672,15712,5244,H
51428.57,19024.39,12748.64,11733.45,64507.77,123,-230,-191,3584,15744,5404,H
56372.09,18799.56,12798.91,11968.37,63290.82,136,-185,-184,3752,15892,5436,H
51142.25,18651.32,12748.64,11873.91,62500.00,111,-217,-170,3776,15812,5332,H
48937.50,18431.37,12111.31,11686.96,58421.05,204,-228,-160,3708,15868,5564,H
54434.39,18651.32,12255.77,11873.91,62110.55,45,-255,-238,3632,15932,5420,H
47889.34,18431.37,12207.45,11780.10,60591.13,97,-186,-225,3628,15900,5340,H
52302.63,18651.32,12255.77,11826.92,65340.31,71,-232,-217,3628,15920,5328,H
53200.00,18431.37,12207.45,11826.92,62500.00,145,-158,-199,3724,15768,5556,H
56372.09,18949.11,12450.81,11968.37,65340.31,220,-262,-325,3696,15496,6224,H
56705.61,19328.86,12500.00,12111.31,68396.74,269,-239,-152,3880,15632,6200,H
51428.57,18874.17,12500.00,11826.92,65340.31,209,-279,-256,3792,15792,6032,H
49474.79,18949.11,12401.79,12015.85,62893.40,149,-320,-227,3664,15700,6100,H
56705.61,19100.00,12304.27,12159.29,63290.82,115,-265,-257,3856,15748,5808,H
33560.13,19483.14,26811.99,31500.00,47125.50,-3756,-1187,-389,13196,-6816,6972,I
32507.74,20603.25,26585.37,30000.00,48148.15,-851,943,-682,14412,-6856,5704,I
30669.64,20275.86,26585.37,30265.49,50297.87,-1569,2437,106,15672,-5512,4204,I
31641.34,20114.41,26361.18,30399.41,58071.43,348,-192,-199,15276,-5448,4264,I
33254.72,19954.44,25595.24,29737.61,51142.25,8,-96,92,15268,-5560,4460,I
32361.11,20034.25,26139.41,28225.35,50021.19,92,231,91,15212,-6100,5328,I
38653.85,19175.95,26250.00,28717.95,41208.79,2093,2735,-1714,15912,-5140,3596,I
40397.11,20114.41,26811.99,28968.48,43568.71,-358,-1662,-632,15100,-5748,3660,I
31926.61,19638.82,25488.13,28842.86,48937.50,-828,-2792,-929,15396,-5072,3912,I
31641.34,19252.23,25275.59,28842.86,51142.25,630,-341,-167,15492,-6432,4876,I
32507.74,19405.83,24651.16,28593.75,51428.57,76,1953,1161,14780,-7500,5096,I
31926.61,19405.83,25488.13,28470.25,49474.79,46,210,-159,14980,-6032,4044,I
31500.00,19328.86,24651.16,28717.95,49205.02,154,-275,-101,15392,-5372,3452,I
31641.34,19252.23,24651.16,28717.95,48409.09,-982,841,118,15212,-6320,5244,I
32070.55,19252.23,24346.15,28103.93,51428.57,-10,107,-4,14944,-6328,5468,I
31926.61,19328.86,24651.16,28470.25,49205.02,395,178,327,15024,-6048,5328,I
31783.54,19328.86,24447.30,28225.35,51142.25,-171,-920,-382,14884,-6264,4380,I
31783.54,19483.14,24548.97,29737.61,51428.57,171,-150,-247,15188,-6408,4768,I
31641.34,19483.14,23946.70,28225.35,51142.25,111,136,-205,15168,-6012,4160,I
32215.38,19252.23,24145.41,27506.93,49205.02,364,-35,-146,15020,-6080,3900,I
32070.55,20275.86,26361.18,25065.28,44941.41,278,-229,-177,14864,-5676,6392,I
31783.54,19875.00,26139.41,24753.88,47125.50,51,-253,-258,14836,-5788,6744,I
32215.38,19795.92,25595.24,24548.97,45892.86,350,107,-170,14916,-5664,6008,I
32361.11,19717.19,25381.58,24857.14,49205.02,1068,-769,106,14864,-5640,6356,I
32655.28,19175.95,26029.41,24753.88,43793.11,-46,-812,-229,14644,-6064,6264,I
33254.72,19954.44,25381.58,25065.28,45176.47,6,-130,-146,14764,-6032,7144,I
31641.34,20034.25,25488.13,24548.97,43568.71,47,301,-283,14652,-6056,6172,I
32953.12,19717.19,25170.16,24548.97,45652.17,-128,-361,-215,14748,-6192,5924,I
33254.72,19875.00,27156.59,24045.80,49474.79,615,-173,-47,14632,-5864,7280,I
32953.12,19875.00,26472.97,23750.00,50297.87,1016,22,-148,14672,-5572,6620,I
32953.12,19954.44,26811.99,23652.39,49746.84,-50,-116,-208,14680,-6008,6048,I
33103.45,19954.44,25920.00,23362.50,49474.79,96,-814,-302,14648,-5940,6628,I
33254.72,19717.19,25811.17,23458.65,49474.79,68,104,-239,14680,-6012,7464,I
33560.13,19875.00,25702.92,23362.50,51428.57,410,215,-194,14616,-5940,6388,I
32070.55,20357.14,25488.13,23555.27,46380.00,257,-24,-168,14508,-5496,7548,I
33103.45,20357.14,25065.28,23750.00,45892.86,373,-356,-161,14456,-5756,6808,I
31783.54,20194.95,25488.13,23555.27,44941.41,11,-523,-114,14652,-5624,6956,I
33254.72,20194.95,25275.59,23750.00,44708.17,138,-187,-196,14544,-5660,8136,I
34182.70,20603.25,26029.41,24960.94,46380.00,748,-77,230,16784,-6384,6772,I
34182.70,20194.95,25811.17,24346.15,45892.86,215,-26,-135,14584,-5776,6604,I
33560.13,20034.25,25381.58,24045.80,45413.38,237,-608,-50,14680,-5664,6668,I
33406.94,20194.95,25595.24,23848.10,47125.50,95,-368,-157,14512,-5772,8040,I
33103.45,20034.25,25275.59,24245.52,44708.17,431,260,-82,14612,-5632,7896,I
32507.74,19717.19,27041.10,25170.16,47378.05,32767,13207,12154,5300,1944,16284,J
30534.13,17102.51,22702.70,21105.88,42471.91,32767,1506,-7433,9792,-5908,13940,J
30943.12,14970.70,19875.00,19175.95,47889.34,-4890,7769,475,11732,-6340,7140,J
28593.75,15690.00,21535.71,20852.80,46626.50,32767,5758,-3272,10552,3544,9484,J
30265.49,15446.43,21276.60,20686.05,45652.17,32767,20526,-6634,10348,1736,9144,J
31926.61,14228.57,19100.00,18431.37,45176.47,19950,1309,-7493,10888,-8020,7016,J
29737.61,14340.34,19560.81,19175.95,47125.50,-7480,1416,45,15312,6160,4452,J
28842.86,14117.65,19252.23,18651.32,43568.71,-3651,5118,-3199,12380,5872,7120,J
29094.83,13735.96,19328.86,18577.68,43793.11,-1052,-1583,3227,12604,3144,5428,J
30399.41,14228.57,19483.14,19100.00,44941.41,-13576,8667,-4152,13408,5696,9688,J
29221.90,17648.94,23946.70,21622.91,46875.00,1153,-24182,17597,14696,9584,6424,J
31081.08,13259.67,19252.23,18577.68,42044.61,32767,9525,4371,6672,2768,18128,J
30000.00,12648.65,17648.94,17441.86,42905.66,579,-1330,29,7264,-9572,7752,J
30000.00,13104.40,18071.12,17441.86,43125.00,-3849,-724,542,9120,-11836,10528,J
30805.97,13469.39,18142.55,17718.55,44941.41,1332,-143,-99,9780,-12004,9936,J
29478.26,13735.96,18874.17,18431.37,42687.97,-19026,13345,-8878,11100,4584,14952,J
27863.13,13628.73,18577.68,17929.18,44941.41,-4335,4793,-2872,15576,5336,3336,J
28225.35,13207.72,19405.83,18651.32,55068.49,14470,-8707,10640,17812,6168,-228,J
28842.86,13898.31,19328.86,18504.37,45176.47,-10145,2349,88,15244,7844,4716,J
30399.41,14509.62,20034.25,18431.37,44019.23,-10638,7771,7747,11060,5996,1256,J
28968.48,12950.82,18725.27,18071.12,42905.66,440,-3561,6608,12308,1796,3804,J
30805.97,12500.00,17788.46,17510.59,47889.34,-483,4813,571,7776,-10748,10208,J
30669.64,17788.46,24145.41,22335.77,44708.17,-9588,6886,-304,10264,-9200,9800,J
30132.36,13898.31,19252.23,18651.32,43125.00,572,-59,508,9556,2404,19520,J
32070.55,13575.42,18949.11,18651.32,41415.44,-9267,-265,-991,9756,-7336,11824,J
30265.49,19483.14,25702.92,22518.34,44476.74,-496,-1280,1238,12484,5008,644,J
31783.54,16000.00,22888.89,20603.25,44247.11,32767,14469,-8042,10056,-4156,11484,J
32070.55,14854.09,20852.80,19252.23,45176.47,16830,12274,-7218,12016,-8528,3488,J
30805.97,13952.83,20275.86,18214.29,42905.66,28331,24151,-12492,12628,-10052,7460,J
30132.36,14566.47,20769.23,18142.55,43346.01,17718,15762,-10246,13528,-10896,-92,J
29737.61,14062.50,19875.00,18214.29,43346.01,32767,16639,-16212,13132,-4140,6508,J
29868.42,13898.31,19717.19,17858.67,43346.01,19102,14109,-9755,13692,-10836,3144,J
30000.00,14062.50,20034.25,17788.46,40597.83,8104,3840,-3410,12784,-9232,1952,J
29094.83,13898.31,19405.83,17929.18,45176.47,-32768,-15744,6467,11808,-8168,9408,J
29094.83,13469.39,18799.56,17718.55,44476.74,-32768,-1408,3214,10356,6340,12764,J
28593.75,14007.56,19405.83,18651.32,46135.45,-32768,-2248,-2212,9204,8480,13876,J
29094.83,14340.34,19483.14,17929.18,47378.05,-32768,2779,-4088,12464,12460,3712,J
29737.61,13311.81,18725.27,17510.59,43346.01,25942,10978,-2076,11000,-6824,10832,J
27506.93,13735.96,19405.83,17441.86,45892.86,-26777,6491,2066,10448,2844,13440,J
28717.95,12849.36,18286.34,17788.46,44247.11,16503,1829,4061,5872,10068,17112,J
28968.48,13952.83,19252.23,17788.46,46626.50,2464,1466,-2328,11852,-8808,2328,J
28103.93,13207.72,18358.69,17788.46,45892.86,-26602,2435,-10659,8320,9328,17200,J
28717.95,14396.55,19954.44,18949.11,46875.00,-1669,5079,7429,11556,2888,4252,J
61725.00,21448.93,12500.00,11826.92,58071.43,200,-426,402,16312,-3640,944,K
59853.66,21021.13,12111.31,11826.92,59490.29,-289,-189,-249,15660,-3264,0,K
61343.28,21021.13,12401.79,11921.05,63290.82,527,-316,-244,16020,-2116,4,K
60591.13,20520.83,12352.94,12063.49,57725.12,60,-266,-78,16040,-2212,-260,K
59490.29,20603.25,12549.37,12207.45,59130.43,116,-210,-268,16008,-2420,-308,K
62110.55,20686.05,12549.37,12015.85,59130.43,252,-550,-1101,15632,-2912,-640,K
58774.04,20520.83,12598.92,12111.31,59130.43,322,-473,-213,15840,-2596,-660,K
60220.59,20520.83,12798.91,12255.77,58774.04,248,-237,-200,16000,-2648,-404,K
59130.43,20438.80,12648.65,12304.27,56041.67,188,-62,-237,15988,-2472,-152,K
62110.55,20686.05,12798.91,12304.27,51717.39,133,-149,-229,16064,-2504,-280,K
59853.66,20520.83,12207.45,11780.10,49746.84,-6,-134,-213,16148,-2228,172,K
58421.05,20357.14,12159.29,11873.91,59490.29,119,-124,-277,16276,-2188,520,K
59490.29,20357.14,12255.77,12063.49,57382.08,320,-141,-528,16168,-2096,796,K
59130.43,20194.95,12304.27,12063.49,57725.12,158,-211,-299,16204,-2264,400,K
56041.67,20034.25,12549.37,12255.77,56041.67,115,-311,-308,16124,-1988,528,K
59130.43,20194.95,12500.00,12401.79,62110.55,376,-87,-467,15972,-2744,432,K
56372.09,20034.25,12549.37,12255.77,59130.43,149,-213,-236,16104,-1944,624,K
52898.23,20275.86,12549.37,12352.94,59853.66,102,-267,-231,16256,-2172,804,K
56041.67,20114.41,12648.65,12304.27,59130.43,11,-309,-220,16132,-2096,768,K
58071.43,20114.41,12698.56,12352.94,48409.09,95,-395,-255,16052,-2252,776,K
54121.62,19795.92,12849.36,12207.45,59853.66,184,-262,-169,16168,-2128,732,K
54750.00,20275.86,12598.92,12450.81,60220.59,77,-392,-213,16168,-2108,708,K
53504.46,19560.81,12450.81,12352.94,59853.66,41,-196,-336,16024,-2184,828,K
54121.62,20769.23,12950.82,12207.45,56041.67,976,-539,-246,16152,-2348,1376,K
55714.29,20852.80,13104.40,12159.29,53504.46,258,410,-481,16200,-2312,1940,K
56372.09,20603.25,13104.40,12015.85,58071.43,-180,-142,39,16376,-1664,2180,K
54434.39,20603.25,13001.82,12063.49,54750.00,-247,-417,108,16136,-2112,2028,K
56372.09,20438.80,13001.82,12207.45,54121.62,-32,-214,-246,16120,-2696,1788,K
52302.63,20438.80,13001.82,12207.45,56705.61,156,-296,-279,16168,-2496,1672,K
55389.91,20438.80,13053.01,12159.29,52302.63,163,-278,-178,16152,-2428,1712,K
56705.61,20520.83,13001.82,12159.29,52302.63,123,-234,-161,16160,-2528,1800,K
53504.46,20194.95,13001.82,12207.45,56041.67,194,-214,-272,16184,-2596,1676,K
48937.50,21191.04,12648.65,12207.45,54121.62,-509,-954,370,16272,-1980,2300,K
52302.63,20769.23,12798.91,12255.77,55389.91,341,-108,-670,16108,-2468,1360,K
51142.25,20686.05,13001.82,12207.45,54121.62,614,-124,-611,16220,-2016,1952,K
50021.19,20769.23,13053.01,12207.45,53811.66,64,-284,-233,16356,-2144,2348,K
48937.50,20686.05,13001.82,12207.45,55068.49,49,-263,-197,16180,-2480,2280,K
46380.00,20520.83,13053.01,12304.27,56372.09,22,-334,-252,16172,-2392,1944,K
49474.79,20438.80,13053.01,12207.45,51717.39,262,44,-393,16268,-2300,2268,K
50576.93,20357.14,12950.82,12111.31,56372.09,292,-119,-345,16184,-1984,2908,K
47632.65,20520.83,13001.82,12063.49,54750.00,-346,-139,-26,16324,-1620,2764,K
51428.57,20520.83,13001.82,12159.29,55068.49,-332,-413,165,16324,-1564,3308,K
49746.84,20603.25,13053.01,12207.45,53504.46,-524,-511,148,16380,-1656,2964,K
70250.00,23266.83,31641.34,12598.92,38096.89,648,-507,1312,15772,-3328,2168,L
66190.48,23362.50,31500.00,12648.65,35147.06,1042,-2255,-1112,15576,-4892,4980,L
64507.77,22610.29,31926.61,12598.92,35311.48,-40,-330,-247,15728,-4300,3916,L
73699.42,22610.29,33103.45,12549.37,36493.29,194,-464,-474,15696,-4276,3904,L
65340.31,22982.67,30669.64,12598.92,34821.43,-2,2,-218,15872,-4156,3588,L
65340.31,22610.29,30669.64,12900.00,36841.21,-1135,854,62,15604,-3328,96,L
65340.31,22610.29,30669.64,13104.40,36841.21,508,-1056,-247,16256,-2848,1352,L
61725.00,22154.96,30132.36,13207.72,36666.67,-9510,2232,1285,15792,-3476,804,L
64097.94,22154.96,30265.49,13207.72,40000.00,2604,-526,-2405,15528,-4332,2256,L
60220.59,21975.90,30265.49,13259.67,39414.89,1628,-1246,-478,15672,-4180,1252,L
64097.94,21887.02,29607.56,13259.67,40397.11,107,-217,-257,15836,-4268,1272,L
58774.04,21975.90,30534.13,13155.96,38653.85,701,-763,-253,15872,-4056,1528,L
61343.28,21887.02,28470.25,13053.01,36841.21,-53,-133,-251,16000,-4124,1444,L
60965.34,21798.56,29607.56,12849.36,26585.37,256,-640,-393,15764,-4608,1876,L
57382.08,21975.90,29094.83,12352.94,28470.25,-481,-541,27,15716,-4720,1628,L
60220.59,22154.96,28347.46,12549.37,33560.13,126,-1018,-375,15024,-5088,-1584,L
64507.77,21362.56,30265.49,13469.39,39803.57,121,-268,-127,15180,-4656,-1496,L
60220.59,21191.04,30399.41,12698.56,35311.48,482,2886,-1073,15376,-4724,-1352,L
60220.59,21021.13,29221.90,12598.92,35643.57,-337,-112,-130,15536,-4312,0,L
62110.55,21448.93,29349.71,12698.56,35147.06,336,-241,-289,15524,-4584,-56,L
59130.43,21276.60,29737.61,12500.00,35476.97,737,-794,-343,15572,-4456,204,L
58774.04,20852.80,29221.90,12549.37,35476.97,125,-241,-200,15668,-4268,224,L
58774.04,20936.77,28968.48,12401.79,35643.57,123,-88,-272,15812,-4288,276,L
61343.28,20936.77,28717.95,12648.65,34340.84,56,-418,-242,15604,-4356,332,L
60591.13,20852.80,28470.25,12648.65,35311.48,179,-149,-420,15628,-4296,296,L
58071.43,21021.13,29221.90,12401.79,27506.93,275,269,-141,15700,-4572,824,L
59130.43,21191.04,30265.49,12352.94,28225.35,307,-91,-362,15552,-4748,760,L
58774.04,21105.88,29094.83,12450.81,28593.75,28,-152,-176,15540,-4556,664,L
57725.12,20769.23,28842.86,12549.37,29221.90,72,-303,-171,15700,-4416,792,L
58421.05,20852.80,29094.83,12648.65,30265.49,168,-233,-237,15748,-4700,776,L
58774.04,20520.83,28593.75,12549.37,29737.61,129,-907,-204,15752,-4560,760,L
61343.28,21276.60,28593.75,12549.37,30265.49,-27,-176,-260,15692,-4536,700,L
57725.12,20686.05,27506.93,12500.00,30265.49,374,-80,-263,15724,-4508,684,L
56041.67,20936.77,28347.46,12549.37,30669.64,292,-371,-233,15812,-4472,588,L
62110.55,20936.77,27863.13,12598.92,30534.13,43,-69,-138,15656,-4708,596,L
57042.25,21798.56,29221.90,12900.00,30132.36,2068,-2573,-251,16088,-2704,760,L
53200.00,21535.71,30000.00,12950.82,32507.74,331,-184,-153,15832,-3692,568,L
54750.00,21191.04,28968.48,13155.96,33103.45,662,-57,-645,15860,-3444,276,L
59130.43,21362.56,28717.95,13053.01,33103.45,326,-107,-367,15708,-3784,276,L
53200.00,21276.60,28593.75,13053.01,31500.00,275,-309,-242,15800,-3576,848,L
54121.62,21021.13,28470.25,12950.82,31641.34,168,-101,-144,15832,-3572,760,L
54434.39,21021.13,28593.75,13001.82,31359.52,201,-362,-266,15892,-3628,812,L
52898.23,21448.93,28593.75,12798.91,29478.26,-55,-309,-102,15980,-3412,1440,L
59130.43,21021.13,29094.83,12798.91,29737.61,144,-205,-151,15976,-3544,1304,L
53811.66,17102.51,22518.34,24857.14,66622.34,2802,-2259,-147,16232,-3496,1512,M
58071.43,16902.29,22335.77,24857.14,64507.77,541,22,-705,15852,-4492,2040,M
53200.00,16902.29,22065.22,24960.94,67945.95,1312,-187,-777,15836,-4164,2460,M
54434.39,17102.51,22982.67,24960.94,66190.48,-11,-218,-58,16140,-3096,2084,M
54434.39,17237.39,22982.67,24045.80,69313.19,378,-356,-87,15992,-3592,2120,M
56372.09,17237.39,22795.56,25065.28,68852.46,303,-198,-339,16220,-3072,2488,M
62110.55,17788.46,22518.34,24346.15,69313.19,489,-776,-49,16156,-3304,2552,M
57725.12,17510.59,22518.34,24245.52,65340.31,251,1191,-344,16088,-2416,-336,M
59130.43,16574.07,21975.90,23750.00,64097.94,-1167,510,-986,15660,-2884,1836,M
58071.43,15446.43,20603.25,22982.67,61725.00,181,107,-127,16148,-1764,3036,M
56041.67,15446.43,20438.80,21887.02,61725.00,-163,28,-240,16416,-1484,3964,M
57725.12,15206.69,19875.00,21622.91,63290.82,-13,-204,-156,16200,-2368,3132,M
56705.61,18071.12,24045.80,25811.17,63692.31,-885,-411,-24,16072,-2768,4032,M
57042.25,17305.27,20769.23,24548.97,65340.31,776,-29,-359,15936,-3720,2848,M
55714.29,17237.39,22335.77,23750.00,66190.48,138,-241,-60,15924,-4144,2908,M
56372.09,17305.27,22065.22,24145.41,65763.16,427,-258,-330,15760,-4320,3024,M
51142.25,17169.81,22245.15,24145.41,62110.55,-142,-153,-312,15996,-3704,3192,M
54434.39,17169.81,22335.77,24447.30,63290.82,548,-445,-324,15892,-3932,2936,M
55068.49,17237.39,22335.77,24245.52,63290.82,303,-293,-393,15800,-4028,3028,M
55389.91,15029.35,19875.00,21105.88,62500.00,-973,-832,-344,15860,-2836,4624,M
53504.46,16125.76,21535.71,23076.92,60591.13,-14,-32,-261,15904,-2828,4868,M
53811.66,15813.25,20520.83,22702.70,63290.82,114,-492,16,15988,-3128,4200,M
54121.62,16252.54,21191.04,23171.64,62500.00,-187,-838,118,16016,-2932,4192,M
54750.00,16574.07,21448.93,24245.52,60220.59,-64,-359,-186,16076,-2600,4244,M
53504.46,16574.07,21448.93,23946.70,58421.05,328,-339,-603,15984,-2880,3948,M
59853.66,16574.07,21448.93,23848.10,62893.40,-127,-937,379,15804,-3716,3072,M
53504.46,16704.55,21975.90,23458.65,62893.40,-165,12,-285,15912,-3868,3792,M
53811.66,16574.07,22335.77,24346.15,69313.19,115,78,-422,15784,-3968,3664,M
49746.84,15628.74,20520.83,22245.15,63290.82,377,-811,-47,15976,-2312,4488,M
54750.00,15751.50,20357.14,22610.29,73699.42,-149,-1031,467,15904,-2340,5056,M
61343.28,16380.37,20686.05,23555.27,68852.46,491,-58,-441,15816,-3968,3824,M
53504.46,16189.02,20769.23,22888.89,61343.28,169,-100,-455,15960,-2936,4660,M
51717.39,15446.43,20194.95,22245.15,63692.31,-131,-427,-274,15876,-3128,4220,M
59490.29,15937.50,20769.23,22982.67,64921.88,-12,-217,-145,15976,-3340,4392,M
53504.46,16252.54,21448.93,22702.70,62110.55,-351,53,-68,15788,-3540,3708,M
53200.00,16189.02,20936.77,22245.15,60965.34,-503,-118,60,15728,-3972,4124,M
57042.25,16125.76,20686.05,22245.15,62500.00,25,-682,280,15948,-3460,4336,M
56372.09,15875.25,20194.95,22702.70,59490.29,2309,-836,-713,16208,-3228,3752,M
55389.91,15751.50,20194.95,22065.22,62893.40,-367,289,-480,16120,-2980,3388,M
56041.67,15326.08,20114.41,21105.88,60220.59,40,-182,-522,15852,-3212,5040,M
56372.09,15446.43,19717.19,21622.91,60220.59,57,-745,308,16092,-2312,5180,M
59853.66,15446.43,20194.95,21362.56,60220.59,-528,-241,-83,16096,-2436,5240,M
52302.63,15446.43,20114.41,21622.91,61343.28,297,302,-116,15776,-2964,4796,M
53811.66,19328.86,21362.56,22795.56,57382.08,224,-219,-216,15480,-5188,3268,N
57725.12,19252.23,21362.56,21975.90,62110.55,32,-609,180,15480,-5372,3176,N
57725.12,19252.23,21191.04,21362.56,59130.43,136,-238,-240,15436,-5564,3160,N
53200.00,18725.27,21535.71,21887.02,58421.05,-364,-445,112,15416,-5656,3404,N
55068.49,19328.86,20936.77,21535.71,59490.29,1360,-1728,-1763,15736,-4624,3220,N
60220.59,20194.95,21105.88,21448.93,54121.62,317,-343,-480,15840,-3868,4616,N
59130.43,19954.44,20936.77,21105.88,57382.08,-506,-447,195,15852,-3780,4636,N
58774.04,20034.25,20686.05,21535.71,59130.43,342,132,-440,15680,-4200,4612,N
59130.43,19954.44,20852.80,21276.60,54434.39,508,-359,-160,15644,-4112,5056,N
59130.43,19875.00,20769.23,21105.88,59853.66,275,659,-779,15880,-4208,4596,N
57725.12,19875.00,20769.23,21105.88,59130.43,-152,-266,-287,15604,-4296,4872,N
56041.67,19954.44,20357.14,20936.77,60591.13,223,-258,-525,15740,-3764,5096,N
56041.67,19717.19,20034.25,20852.80,58071.43,481,-231,-434,15680,-3716,5396,N
56041.67,19875.00,20769.23,21448.93,53811.66,3968,-1619,95,17068,1196,3992,N
56705.61,19638.82,20114.41,20520.83,51428.57,-8331,617,1155,16096,-2280,2312,N
53200.00,19638.82,19954.44,20438.80,59130.43,477,-330,-171,16224,-2036,3856,N
50021.19,19638.82,19560.81,20357.14,49746.84,277,469,-346,16716,-1664,3800,N
56705.61,19638.82,19954.44,20114.41,55714.29,-239,-158,-171,16096,-2752,4060,N
53504.46,19638.82,19795.92,20275.86,54750.00,-187,544,-157,16576,-2812,3728,N
53504.46,19560.81,19954.44,20194.95,55068.49,230,-169,-363,16116,-3264,4200,N
57382.08,19560.81,19875.00,20438.80,53504.46,26,-431,-239,16096,-3012,4036,N
52302.63,19175.95,20357.14,19795.92,52302.63,-70,-454,30,15960,-3180,3952,N
53504.46,19560.81,20194.95,20275.86,52599.12,12,-252,-248,15980,-3296,4216,N
54434.39,19560.81,19875.00,20275.86,53504.46,88,-132,-223,15860,-3480,4128,N
55714.29,19560.81,20034.25,20275.86,57042.25,130,-160,-282,15980,-3568,4056,N
57382.08,19560.81,19795.92,20114.41,57725.12,305,125,-321,15736,-3728,3712,N
56372.09,19717.19,20034.25,20114.41,57725.12,357,-240,-412,15968,-3592,4356,N
54434.39,19638.82,20034.25,20194.95,58774.04,386,-3,-210,15964,-3696,3792,N
56705.61,19483.14,20275.86,19954.44,57725.12,289,-196,-358,15952,-3844,3708,N
55714.29,19252.23,20357.14,19875.00,57725.12,-304,-439,-258,15768,-4176,3508,N
54750.00,19405.83,19954.44,20438.80,58774.04,258,-113,-338,15832,-3840,3612,N
51142.25,19100.00,20034.25,20275.86,59130.43,754,-379,-623,15828,-3812,4228,N
56041.67,19483.14,19328.86,19954.44,56041.67,673,-318,-595,15996,-3736,4136,N
48148.15,19405.83,20034.25,20034.25,56041.67,566,-120,-707,15664,-5096,3128,N
56041.67,19252.23,19795.92,20114.41,57725.12,453,-62,-395,15868,-4288,3576,N
54750.00,19328.86,19795.92,20194.95,54750.00,353,-98,-179,15648,-4408,4112,N
55714.29,19405.83,19638.82,20275.86,60220.59,95,109,-572,15676,-4212,3968,N
56372.09,19405.83,19638.82,20275.86,59853.66,281,49,-310,15928,-4088,3868,N
48937.50,19560.81,19252.23,20275.86,54434.39,-90,-162,-79,15784,-3408,4720,N
57725.12,19328.86,19638.82,20769.23,59130.43,439,70,-432,15576,-3992,4976,N
52599.12,19252.23,21276.60,22065.22,55714.29,250,-6,-379,15912,-3456,5152,N
56041.67,19795.92,20686.05,20769.23,69313.19,-60,-157,13,15672,-3124,5732,N
56372.09,19483.14,20603.25,21021.13,60591.13,-268,-437,70,15776,-4004,4780,N
41415.44,15628.74,21710.53,18431.37,51428.57,2772,-400,-601,15176,-6172,4172,O
41415.44,15690.00,21887.02,18358.69,54434.39,1005,-1228,-69,15444,-5228,1964,O
39608.54,15628.74,21798.56,18358.69,49205.02,-255,-48,-345,15504,-5324,2088,O
40000.00,15628.74,21887.02,18142.55,49474.79,-76,-451,-11,15548,-5600,1436,O
40397.11,15628.74,21105.88,18504.37,53200.00,397,-106,-305,15172,-6068,1188,O
38281.25,15690.00,21622.91,18214.29,55714.29,1132,-2045,761,15628,-4740,1944,O
39803.57,15628.74,21622.91,18214.29,54750.00,457,-615,136,14976,-6092,-288,O
40597.83,15628.74,21622.91,18214.29,52898.23,-143,-377,226,15456,-5428,-588,O
40800.00,15567.73,21975.90,18142.55,53200.00,84,-302,-53,15312,-5576,232,O
40197.84,15628.74,21798.56,18142.55,51428.57,246,-335,-32,15372,-5372,292,O
39031.69,15567.73,21710.53,18000.00,52008.73,-130,-163,-16,15284,-5752,224,O
40000.00,15628.74,21535.71,18214.29,52008.73,136,-113,-308,15336,-5636,340,O
38842.11,15628.74,21710.53,18286.34,50021.19,-48,-249,-155,15324,-5436,376,O
41415.44,15628.74,21710.53,18071.12,50021.19,46,-257,-199,15228,-5816,388,O
38096.89,15690.00,21710.53,18214.29,49205.02,107,-245,-238,15304,-5592,576,O
39803.57,15628.74,21887.02,18142.55,48937.50,121,-201,-262,15292,-5592,484,O
40397.11,15690.00,21362.56,18431.37,52008.73,319,78,-518,15324,-5624,500,O
39608.54,15690.00,22335.77,18504.37,49746.84,980,-320,-732,15624,-4652,1072,O
40197.84,15690.00,21798.56,18142.55,53811.66,754,463,-341,15752,-4740,1248,O
39031.69,15751.50,21105.88,18214.29,50297.87,630,-443,318,15644,-5460,956,O
41623.61,15751.50,21448.93,18071.12,49205.02,134,-161,-217,15360,-5508,1056,O
41623.61,15690.00,21622.91,18142.55,53504.46,174,-344,-139,15348,-5712,884,O
41623.61,15751.50,21798.56,18000.00,53811.66,107,-306,5,15308,-5712,1048,O
39031.69,15690.00,21887.02,18000.00,51717.39,86,-336,-100,15316,-5656,732,O
38281.25,15751.50,21710.53,18071.12,52008.73,85,-341,-174,15308,-5632,948,O
40597.83,15690.00,21535.71,18214.29,53811.66,386,-422,-248,15360,-5716,724,O
41003.65,15751.50,21622.91,18071.12,54121.62,-4174,3384,-1043,16500,-2272,3992,O
40000.00,15567.73,21448.93,18142.55,54750.00,183,-1668,1176,15148,-5952,744,O
37551.38,15628.74,21535.71,17929.18,50858.37,68,-207,-113,14932,-6284,384,O
40000.00,15628.74,21535.71,18142.55,53811.66,115,-153,-201,15280,-5924,568,O
39608.54,15567.73,21535.71,18000.00,49205.02,288,-121,-332,15232,-6232,-76,O
41623.61,15628.74,21191.04,17858.67,53811.66,-105,-28,-38,15096,-5840,452,O
41623.61,15628.74,21535.71,17929.18,52599.12,343,-295,-226,14928,-6604,296,O
41623.61,15690.00,21535.71,17858.67,50297.87,679,-182,-498,14888,-6676,476,O
41623.61,15628.74,21448.93,18000.00,48937.50,765,-494,-320,15020,-6372,200,O
39803.57,15690.00,21622.91,17929.18,53200.00,548,-306,-278,15080,-6416,408,O
41208.79,15628.74,21622.91,17929.18,52599.12,-19,-345,-229,14932,-6060,664,O
41208.79,15690.00,21535.71,17929.18,52008.73,433,-391,-158,15044,-6392,648,O
41415.44,15628.74,21448.93,17929.18,51428.57,327,-259,-206,15020,-6192,312,O
40000.00,15690.00,21362.56,17858.67,50021.19,205,-175,-484,15012,-6388,368,O
41415.44,15628.74,21535.71,17929.18,52599.12,282,-285,-239,14948,-6044,640,O
37913.79,15690.00,21276.60,17929.18,51142.25,313,-480,-284,15080,-6064,948,O
41623.61,15690.00,21535.71,17929.18,51717.39,234,-254,-185,15148,-6168,452,O
53504.46,18286.34,13416.67,13843.99,52302.63,-281,-80,-537,-14576,1516,8228,P
53504.46,18358.69,13104.40,13628.73,53811.66,1029,-1397,-406,-14440,2156,10016,P
52008.73,18504.37,13364.14,14007.56,50858.37,3478,-1561,231,-13480,2908,10572,P
53811.66,18577.68,13416.67,14228.57,50858.37,-405,-425,-476,-14152,2768,10560,P
51142.25,18577.68,13575.42,14062.50,53811.66,-85,-318,257,-13332,3192,10492,P
52599.12,17718.55,12648.65,13207.72,50858.37,466,-19,-119,-14864,2468,9100,P
49205.02,17718.55,12304.27,13155.96,54434.39,93,-529,-855,-14828,2228,9468,P
47632.65,17788.46,12450.81,13364.14,53200.00,-2136,-3805,-1729,-12280,1500,14020,P
48937.50,17648.94,12648.65,13628.73,51717.39,263,2911,2121,-10932,3984,13812,P
44941.41,17169.81,12450.81,13311.81,49746.84,718,-56,-466,-15444,4136,7344,P
48148.15,17929.18,13155.96,13416.67,57382.08,921,-241,263,-13784,6988,7452,P
46380.00,17718.55,13155.96,13469.39,56372.09,-2809,-722,-4725,-14128,6948,6848,P
49205.02,17648.94,13682.25,13843.99,54750.00,98,-773,-524,-14284,3352,9948,P
49205.02,17237.39,12798.91,14173.00,52898.23,274,-141,145,-13612,3288,10240,P
48937.50,17237.39,13207.72,14284.35,53811.66,352,-78,-667,-13796,4184,10128,P
50021.19,17788.46,12950.82,14228.57,56372.09,1106,843,-88,-13728,3896,10084,P
49205.02,17510.59,12500.00,14452.98,56372.09,-31,-458,-301,-13892,3348,10612,P
55068.49,17237.39,12450.81,14228.57,53504.46,-58,-291,-520,-13760,3184,10484,P
48672.20,17305.27,12698.56,14228.57,51428.57,-143,-577,-649,-14616,576,11580,P
54121.62,17237.39,12598.92,14117.65,51717.39,3647,986,3358,-12352,1720,9480,P
45176.47,17035.49,12549.37,14062.50,50858.37,-25,-204,-518,-13404,2444,10888,P
44708.17,17035.49,12648.65,14117.65,53811.66,580,115,24,-12164,1548,10064,P
46380.00,16968.75,12698.56,14173.00,54121.62,-111,-1686,-999,-11856,2132,10652,P
45892.86,17035.49,12748.64,14173.00,50297.87,521,-124,265,-13148,752,11280,P
47378.05,16902.29,12698.56,14117.65,65763.16,9,-122,58,-14560,1340,11452,P
47632.65,16902.29,12950.82,14173.00,54434.39,214,204,28,-14280,1588,11340,P
46626.50,16968.75,13001.82,14062.50,54750.00,-473,-629,-1007,-13496,384,11028,P
44708.17,16836.10,13469.39,14007.56,52898.23,199,-144,-166,-13460,604,11316,P
44476.74,16836.10,13416.67,14007.56,52898.23,-49,-200,-435,-14000,956,11624,P
45652.17,16968.75,13469.39,13952.83,50021.19,-116,38,-606,-13280,1352,11436,P
44941.41,16902.29,13364.14,13952.83,52898.23,-61,-383,-355,-13768,944,11620,P
47632.65,16968.75,13522.30,14007.56,51428.57,-337,-204,-590,-13616,1144,11612,P
45892.86,16836.10,13469.39,13952.83,48937.50,316,-82,-81,-13712,832,11492,P
46135.45,16902.29,13469.39,13952.83,53504.46,179,-332,-329,-13604,808,11448,P
41415.44,16902.29,13416.67,14007.56,50858.37,-1334,-981,-1959,-13244,712,11344,P
46875.00,16902.29,13416.67,14062.50,52898.23,49,-108,-502,-13628,436,11652,P
44941.41,16836.10,13364.14,14062.50,51717.39,171,-205,-256,-13620,512,11536,P
45413.38,16836.10,13469.39,14062.50,52302.63,197,-112,-71,-13440,1112,11868,P
46380.00,16836.10,13364.14,14062.50,48937.50,104,-52,-432,-13612,648,11364,P
44019.23,16836.10,13364.14,14007.56,48937.50,220,-281,-106,-13508,584,11728,P
46135.45,16770.19,13416.67,14062.50,48937.50,-179,-29,-719,-13720,-96,11372,P
45892.86,16770.19,13469.39,14062.50,52599.12,297,-89,-59,-13576,452,11528,P
44476.74,16836.10,13364.14,14062.50,54121.62,274,-78,-178,-13572,-20,11412,P
59490.29,22795.56,32803.74,13843.99,30943.12,637,215,-115,-8156,2056,16420,Q
55068.49,22335.77,32215.38,13843.99,31926.61,280,35,-183,-8736,1900,15920,Q
55068.49,22245.15,31926.61,13898.31,31500.00,36,-45,-67,-9000,2080,15972,Q
56041.67,22245.15,31081.08,13843.99,31359.52,73,-71,-224,-9088,2180,16000,Q
52008.73,22335.77,31926.61,13898.31,30943.12,355,-264,-3,-9056,2116,15904,Q
56372.09,22335.77,30805.97,14228.57,31219.88,187,-87,320,-12708,1916,15756,Q
54121.62,21887.02,31926.61,14007.56,30669.64,41,-134,-210,-9756,2004,15212,Q
59130.43,21710.53,29478.26,14340.34,25702.92,303,-361,-239,-9224,1856,15668,Q
53811.66,21622.91,30534.13,14062.50,26250.00,-42,-109,-326,-9344,1736,16136,Q
54434.39,21622.91,29478.26,14062.50,27041.10,256,1,-85,-9160,1884,15580,Q
59130.43,21191.04,28968.48,14117.65,27506.93,22,9,-206,-9264,2036,15684,Q
53200.00,21021.13,29868.42,14173.00,27743.73,425,-221,-169,-9608,2016,15604,Q
50297.87,21276.60,29737.61,14117.65,27625.00,346,-198,-146,-9620,2256,15292,Q
52599.12,21276.60,28968.48,14173.00,28347.46,-92,-297,-426,-9456,1964,15516,Q
54750.00,21191.04,29221.90,14117.65,27389.50,357,-278,21,-9532,2144,15488,Q
50858.37,21975.90,27863.13,14117.65,28103.93,-235,-421,-220,-9920,2272,15052,Q
52898.23,20852.80,28717.95,14062.50,29607.56,-279,-497,-467,-9544,2264,15088,Q
54121.62,21105.88,28593.75,13155.96,29737.61,-217,-245,-251,-9000,1480,15868,Q
52302.63,21191.04,28470.25,13364.14,30132.36,-159,-163,-303,-9080,1804,15980,Q
55068.49,20936.77,28347.46,13416.67,30265.49,-438,-193,-297,-8832,1780,15796,Q
56372.09,20852.80,28347.46,13311.81,31500.00,-2717,-2317,-2710,-7580,-2040,16744,Q
49474.79,20852.80,28103.93,13259.67,32215.38,3422,967,575,-5940,-3440,16536,Q
54121.62,21021.13,28717.95,13735.96,31641.34,3185,-678,1197,-8284,-1520,15564,Q
51717.39,20769.23,28103.93,13628.73,30669.64,-32,262,-327,-8740,60,16640,Q
50858.37,21021.13,28593.75,13628.73,30534.13,-147,-47,-449,-9272,-636,16020,Q
53811.66,20852.80,27983.19,13575.42,31081.08,64,-111,-263,-8624,-144,16220,Q
53504.46,20686.05,28225.35,13682.25,30669.64,46,-369,-150,-8932,-332,16100,Q
52898.23,20686.05,28347.46,13682.25,30669.64,-175,-357,-326,-8584,272,16396,Q
48937.50,20769.23,27506.93,13735.96,32070.55,243,-301,-225,-8940,40,16032,Q
53811.66,20520.83,28347.46,13682.25,30669.64,72,-111,-518,-9320,-632,15768,Q
50021.19,21021.13,28347.46,14007.56,29868.42,618,-367,111,-12092,1428,14048,Q
52302.63,20936.77,27983.19,13952.83,30000.00,77,-142,-129,-10848,796,14536,Q
53811.66,20603.25,28103.93,13575.42,30805.97,445,-180,-185,-10832,1024,14444,Q
58421.05,20852.80,27863.13,13575.42,29478.26,119,-3,-235,-11116,1064,14624,Q
54750.00,20686.05,27863.13,13628.73,28842.86,241,-159,-195,-11040,1144,14200,Q
62500.00,20603.25,28842.86,13628.73,29737.61,-47,-418,-269,-11372,628,14308,Q
59853.66,20603.25,27506.93,13628.73,29737.61,316,-234,-56,-10928,1028,14476,Q
65340.31,20520.83,27863.13,13628.73,29607.56,715,-254,190,-10984,944,14436,Q
49746.84,20438.80,27983.19,13575.42,27506.93,-324,-29,-833,-11020,1188,14664,Q
58071.43,20603.25,26250.00,13682.25,29607.56,1591,-680,1486,-10672,-576,14900,Q
57725.12,20603.25,27625.00,13789.87,29607.56,1726,-660,267,-11088,1884,13720,Q
58774.04,20769.23,28103.93,13789.87,30000.00,-51,-112,-128,-10524,1040,14128,Q
53200.00,20603.25,26811.99,13789.87,30399.41,-105,-138,-170,-10888,904,14456,Q
55714.29,19875.00,18651.32,12849.36,64921.88,-241,-482,568,14992,-4856,6840,R
53200.00,19717.19,18874.17,12950.82,66622.34,900,480,-209,14960,-6092,6548,R
53504.46,19560.81,18874.17,12900.00,58774.04,-532,-455,-325,14876,-5740,5948,R
54434.39,19560.81,18799.56,12598.92,52898.23,1663,2718,-2844,14924,-4692,6120,R
57042.25,19638.82,18725.27,12698.56,58421.05,-3160,-25,1324,15956,-2456,9104,R
57382.08,19483.14,18725.27,12698.56,65340.31,352,-820,2094,14728,-5808,6636,R
56041.67,19252.23,18651.32,12748.64,62110.55,437,-406,68,14744,-6260,5220,R
65340.31,19024.39,18651.32,12748.64,59130.43,-61,-192,-373,14916,-6064,5300,R
55068.49,19175.95,18651.32,12648.65,59853.66,-254,-28,-244,15024,-6196,4748,R
54434.39,19252.23,18651.32,12598.92,60220.59,1668,-36,306,15360,-5008,5204,R
55068.49,19252.23,18725.27,12798.91,58421.05,161,-387,-177,14876,-6460,5360,R
56041.67,19100.00,18651.32,12748.64,65340.31,380,-820,48,14844,-6080,5748,R
56041.67,19175.95,18651.32,12698.56,60965.34,809,1092,-891,14936,-5988,4172,R
55714.29,19024.39,18651.32,12648.65,57725.12,356,-461,-26,14880,-6168,5732,R
55389.91,19175.95,18799.56,12748.64,60591.13,340,-891,-19,14512,-7828,3712,R
52599.12,19175.95,18949.11,12849.36,59130.43,413,128,-114,14848,-6652,5068,R
55389.91,19328.86,18725.27,12748.64,59130.43,82,436,-325,14976,-5644,5676,R
54434.39,19100.00,18651.32,12798.91,57042.25,119,-466,-165,15108,-6044,3848,R
53811.66,19100.00,18504.37,12849.36,56041.67,33,-5,-334,15012,-5876,4844,R
53200.00,19175.95,18577.68,12748.64,58774.04,144,209,-462,15048,-6056,5176,R
54434.39,19252.23,18799.56,12798.91,65340.31,-519,-1341,305,14776,-6544,5172,R
50858.37,19175.95,18651.32,12798.91,59130.43,-728,-1286,182,14660,-7804,3396,R
51717.39,19100.00,18799.56,12748.64,57382.08,-510,-2421,679,14704,-6736,4884,R
53200.00,19175.95,18577.68,12698.56,58774.04,128,-1761,231,14824,-5940,6252,R
54121.62,19175.95,18725.27,12648.65,58071.43,-1088,792,-498,14652,-6304,6360,R
53200.00,19175.95,18799.56,12798.91,60220.59,827,-884,48,14796,-6288,4944,R
55389.91,19252.23,18358.69,12950.82,55389.91,-474,764,-1305,14824,-5548,6164,R
52302.63,19175.95,18651.32,12900.00,58774.04,474,-662,-163,14876,-6348,5224,R
54121.62,19328.86,18725.27,12849.36,60965.34,223,-350,-200,14904,-6772,4176,R
53200.00,19100.00,18504.37,12900.00,58071.43,290,-718,-197,15008,-6380,5004,R
54121.62,18949.11,18504.37,12748.64,54750.00,425,295,-401,14800,-6704,4280,R
53811.66,19024.39,18651.32,12849.36,54750.00,-157,-21,-267,14908,-6504,4880,R
55714.29,19100.00,18504.37,12798.91,59130.43,90,-206,-173,14820,-6632,4404,R
52302.63,19024.39,18504.37,12900.00,52599.12,718,-361,-292,14796,-7020,4384,R
48937.50,19100.00,18651.32,12950.82,57725.12,-8,-510,-194,14780,-6840,4836,R
54121.62,19100.00,18504.37,12900.00,57382.08,253,-301,-241,14720,-6548,5000,R
52599.12,19024.39,18431.37,12798.91,55389.91,140,-131,-426,14864,-6260,5416,R
52302.63,19024.39,18504.37,12598.92,52302.63,-26,128,-401,14676,-6616,5176,R
49746.84,19100.00,18286.34,12849.36,57725.12,-93,-183,-154,14652,-6944,5016,R
52898.23,18949.11,18651.32,12748.64,54121.62,268,-375,-314,14728,-6712,4876,R
54750.00,19024.39,18504.37,12900.00,54121.62,288,235,-241,14696,-6624,5520,R
53504.46,19024.39,18577.68,12900.00,57725.12,39,-183,-167,14840,-6332,5424,R
53504.46,19252.23,18504.37,12849.36,58071.43,106,-353,-313,14764,-6464,5196,R
61343.28,20686.05,28842.86,29607.56,56041.67,-78,-346,-199,13736,-6888,8300,S
56372.09,20769.23,28717.95,29607.56,56705.61,536,-271,-104,13996,-6672,7584,S
56041.67,20936.77,28470.25,30132.36,56705.61,953,92,-296,13876,-6604,7948,S
61343.28,20520.83,28717.95,30943.12,53504.46,1163,-1644,568,13520,-7060,7936,S
58774.04,20520.83,28717.95,30000.00,52898.23,46,-114,-583,13568,-7428,8048,S
58774.04,20936.77,28717.95,30132.36,50858.37,1217,35,-738,13844,-6792,7356,S
68852.46,20852.80,27625.00,31359.52,46875.00,-356,-517,-383,13080,-7844,8992,S
81509.44,21362.56,27156.59,28593.75,48937.50,-80,-415,-208,13520,-7008,8052,S
56705.61,20769.23,28470.25,29094.83,50021.19,-852,-1020,514,13460,-7540,9732,S
58421.05,20603.25,27743.73,30805.97,52008.73,261,274,-425,13756,-6716,8252,S
57382.08,20520.83,28717.95,29737.61,51428.57,134,-154,-78,13772,-6948,7948,S
52302.63,20603.25,30399.41,28968.48,65340.31,2389,-2581,2044,13568,-8172,7304,S
58421.05,20769.23,28225.35,29478.26,54434.39,-43,-676,142,13664,-7572,7520,S
57382.08,20603.25,28347.46,29737.61,57725.12,-62,-100,-24,13268,-7952,8220,S
54750.00,20520.83,28470.25,29737.61,44941.41,356,96,-302,13376,-7672,7908,S
59490.29,20686.05,27506.93,29349.71,50576.93,162,-346,-292,13420,-7772,7316,S
56041.67,20686.05,28717.95,27625.00,51142.25,26,-363,-138,13324,-7700,8068,S
60220.59,20686.05,28103.93,29737.61,50858.37,175,-157,-266,13328,-7604,8212,S
67500.00,20603.25,30399.41,30399.41,49474.79,366,-23,-204,13528,-7420,7692,S
56372.09,20520.83,28717.95,28842.86,50297.87,422,483,-233,13472,-7892,7892,S
65340.31,20603.25,27743.73,29478.26,76886.23,-893,26,-403,14364,-5208,8356,S
55714.29,20520.83,27041.10,29868.42,64507.77,519,230,-581,14332,-7304,5880,S
50858.37,20357.14,27156.59,29221.90,69779.01,194,-186,-380,14148,-6732,6700,S
56041.67,20520.83,27272.73,28968.48,70726.26,-213,-825,-53,14244,-5972,7960,S
49746.84,20357.14,27506.93,28593.75,68396.74,97,-676,-92,14300,-5316,8332,S
56372.09,20357.14,27743.73,28347.46,60591.13,-25,-772,-331,14060,-5596,8768,S
56041.67,20438.80,27506.93,28225.35,72685.71,852,-196,-536,14852,-4936,6832,S
53504.46,20603.25,27625.00,28842.86,69313.19,-731,529,-226,14956,-4960,7424,S
54750.00,20275.86,27625.00,28593.75,64097.94,-477,476,358,14952,-5636,6680,S
54750.00,20357.14,26926.23,28470.25,65763.16,-228,-777,111,14456,-6120,6472,S
58774.04,20275.86,26698.37,27272.73,64507.77,772,-185,29,14268,-6912,6920,S
54750.00,20357.14,26926.23,28470.25,63290.82,514,-287,224,14108,-7440,6188,S
51428.57,20194.95,27272.73,28717.95,65340.31,514,-489,114,14336,-6736,6880,S
58071.43,20357.14,27389.50,28842.86,61725.00,41,-10,-370,14340,-6964,6828,S
57725.12,20275.86,27743.73,27389.50,68852.46,295,18,-357,14384,-6628,6676,S
55714.29,20357.14,26811.99,28593.75,64921.88,183,-366,-484,14592,-6072,6148,S
53200.00,20194.95,28103.93,30265.49,53200.00,-157,11,-220,14416,-6840,6048,S
59130.43,20194.95,27272.73,28842.86,60220.59,397,-238,-156,14440,-6564,6376,S
55714.29,20275.86,27156.59,27983.19,64097.94,159,-295,-140,14588,-6728,6216,S
57042.25,20275.86,27272.73,28842.86,65340.31,75,-316,-218,14420,-6560,6192,S
59130.43,20194.95,26926.23,28347.46,68396.74,203,-86,-233,14448,-6772,6384,S
55714.29,20438.80,26811.99,27863.13,59490.29,-48,-43,-357,14484,-6980,6184,S
52302.63,19483.14,25381.58,18651.32,32803.74,218,52,-191,16084,-2432,4112,T
53811.66,19560.81,24753.88,18725.27,37193.88,-201,-526,-65,16024,-2592,3972,T
59130.43,19717.19,25488.13,18577.68,38653.85,239,-317,-99,16936,192,6800,T
57725.12,19560.81,25170.16,18431.37,41623.61,589,-412,-237,16084,-1144,5512,T
56041.67,19560.81,24857.14,18949.11,39222.61,460,-40,-55,15772,-2488,5544,T
57725.12,19560.81,25381.58,18799.56,40397.11,406,214,56,15680,-2696,6148,T
56041.67,19954.44,25381.58,18725.27,41623.61,-153,-873,-240,15820,-2072,4992,T
56705.61,19795.92,25065.28,18577.68,40597.83,917,-19,-121,15796,-2252,6264,T
56041.67,19717.19,25065.28,18651.32,40397.11,-211,-300,-262,15772,-732,7036,T
53504.46,19560.81,25065.28,18725.27,41623.61,-389,294,-77,16092,-588,8804,T
57725.12,19795.92,25170.16,18504.37,43346.01,300,361,-176,15896,-880,6592,T
53504.46,19483.14,25381.58,18504.37,41415.44,1263,-19,-886,15748,-1696,7092,T
55714.29,19638.82,25170.16,18577.68,41833.33,-550,-549,-367,15732,-1488,7328,T
55068.49,19954.44,24447.30,18577.68,40597.83,231,-448,-21,15784,-1888,6128,T
59130.43,19795.92,25170.16,18725.27,41208.79,718,-743,592,16000,-1636,5152,T
53504.46,19954.44,24960.94,19024.39,41623.61,156,1031,-565,14988,-3856,7388,T
56372.09,20034.25,25488.13,18874.17,37372.02,-1511,300,-1392,14888,-4484,7864,T
55068.49,20275.86,26029.41,18577.68,37551.38,41,-697,-184,14928,-4452,7672,T
56041.67,19954.44,25065.28,18799.56,39803.57,352,-155,37,14820,-3900,7696,T
59130.43,19954.44,24857.14,18725.27,40800.00,179,-336,-307,14840,-4424,7648,T
58421.05,19954.44,25702.92,18725.27,41003.65,-57,-369,-201,14836,-4296,7892,T
55389.91,19795.92,25381.58,18431.37,43346.01,-46,-326,-93,14744,-4484,8160,T
54434.39,19717.19,25065.28,18874.17,40597.83,-84,-410,-282,14712,-4488,7612,T
53504.46,19795.92,25381.58,18874.17,41623.61,-71,-369,-155,14764,-4416,7892,T
56372.09,19638.82,24960.94,18504.37,38842.11,-428,-733,-412,15760,396,4976,T
54750.00,19638.82,25065.28,18651.32,41003.65,441,-484,118,16244,384,5532,T
60220.59,19638.82,25275.59,18651.32,40800.00,1306,250,182,16024,-1600,4676,T
58071.43,19717.19,25065.28,19024.39,43346.01,-441,1212,-972,15760,-2740,6292,T
56372.09,19638.82,25170.16,19024.39,45176.47,-892,-697,-359,15628,-2484,6988,T
56705.61,19875.00,25170.16,18949.11,43568.71,210,-450,-199,15596,-2952,6316,T
59130.43,19875.00,24960.94,19024.39,43125.00,58,-312,-456,15636,-2792,6656,T
56041.67,19795.92,25381.58,18725.27,37016.95,132,-155,-219,15556,-4304,3892,T
54750.00,19560.81,24857.14,18651.32,40000.00,-42,-170,-149,15524,-5096,3532,T
52898.23,19638.82,25702.92,19100.00,41833.33,503,-223,-218,15476,-5408,2840,T
57382.08,19717.19,25920.00,18725.27,38281.25,392,-37,-409,15596,-5316,2700,T
57382.08,19560.81,24960.94,18725.27,39803.57,151,-169,-306,15428,-5628,2812,T
56705.61,19483.14,25170.16,18725.27,40000.00,253,-175,-302,15500,-5544,2808,T
65763.16,19252.23,25275.59,19100.00,37193.88,153,-143,-242,15500,-5536,3040,T
51428.57,19405.83,24960.94,18874.17,42257.46,-212,-165,-117,15544,-5396,3208,T
56041.67,19560.81,24960.94,18725.27,40597.83,154,-160,-199,15428,-5344,2988,T
58071.43,19560.81,25065.28,18725.27,41208.79,15,-141,-157,15472,-5456,3120,T
57725.12,19483.14,25170.16,18651.32,41415.44,85,-292,-232,15440,-5480,3196,T
56705.61,19483.14,25065.28,18358.69,46135.45,53,-382,-206,15516,-5372,3156,T
56372.09,19560.81,24960.94,18358.69,43568.71,-337,-832,154,15496,-4900,4644,T
55714.29,20114.41,12748.64,12111.31,56041.67,-2308,165,949,16164,-1992,2428,U
50297.87,20194.95,12698.56,12159.29,55714.29,287,-689,-583,15648,-4636,2372,U
52302.63,20194.95,12698.56,12159.29,56041.67,-684,54,537,15984,-3724,2100,U
56372.09,19954.44,12849.36,12255.77,67058.82,415,-493,-23,16068,-3676,1612,U
52898.23,20034.25,12698.56,12063.49,56041.67,535,-306,-280,16084,-3112,1892,U
53811.66,19954.44,12748.64,12159.29,54750.00,-761,123,22,16200,-3044,2192,U
56041.67,19875.00,12748.64,12255.77,56372.09,420,-619,-93,15976,-3720,1716,U
58071.43,20275.86,12798.91,12207.45,52898.23,-172,-71,-184,16024,-3736,2140,U
53811.66,20034.25,12748.64,12159.29,53504.46,168,-404,-68,16040,-3460,1956,U
53200.00,19875.00,12748.64,12207.45,55068.49,-39,263,-421,16004,-3356,2368,U
52898.23,19954.44,12849.36,12401.79,52008.73,444,-685,-55,16024,-3320,1772,U
54121.62,20114.41,12698.56,12159.29,50858.37,322,-178,-411,15968,-4160,1828,U
51142.25,19875.00,12849.36,12015.85,55714.29,-282,600,-771,16120,-3532,2840,U
53811.66,19717.19,12748.64,12304.27,53504.46,-16,40,-319,16160,-3444,2716,U
55068.49,19795.92,12849.36,12111.31,53811.66,-2,28,-182,16008,-3688,2164,U
53504.46,19954.44,12849.36,12207.45,52599.12,-47,-141,-370,15668,-3900,1848,U
53811.66,19954.44,12849.36,12255.77,52599.12,-15,-156,-222,16000,-3876,1420,U
52599.12,20275.86,12849.36,12207.45,56372.09,-28,-222,-93,15920,-3956,1600,U
50576.93,20114.41,12900.00,12304.27,53811.66,107,-345,-79,15888,-4032,1976,U
53811.66,19560.81,12900.00,12159.29,52599.12,-106,80,-244,15900,-4372,1936,U
59130.43,20194.95,12950.82,12255.77,49746.84,1514,3831,-3397,15616,-2972,3444,U
52898.23,20034.25,12950.82,12304.27,67500.00,389,-277,-335,16244,-2244,4332,U
52302.63,19875.00,13001.82,12159.29,53200.00,-268,-691,276,16124,-2500,3516,U
52599.12,19875.00,13001.82,12352.94,52599.12,80,-371,-102,16088,-3488,2800,U
51142.25,19717.19,12900.00,12255.77,53200.00,90,-327,-275,15916,-3812,2372,U
53811.66,19954.44,12950.82,11968.37,50858.37,139,111,-387,15972,-3700,2824,U
53504.46,20034.25,12900.00,12207.45,53200.00,183,-268,-463,15876,-3788,2288,U
50021.19,19795.92,13053.01,12450.81,53504.46,74,-378,-294,15828,-3608,2432,U
52302.63,19717.19,13001.82,12255.77,52302.63,-171,-270,-210,16076,-3640,2740,U
48937.50,19954.44,13053.01,12207.45,54121.62,106,-162,-209,16048,-3876,2260,U
55714.29,19875.00,13001.82,12304.27,52898.23,234,-381,-345,15896,-4036,2208,U
53504.46,19954.44,13104.40,12207.45,51428.57,122,-340,-304,15928,-4004,1936,U
56372.09,19717.19,13053.01,12111.31,54434.39,-307,-120,60,16068,-3668,2216,U
53200.00,19717.19,13053.01,12159.29,52008.73,418,-238,-431,16048,-3992,1908,U
52008.73,19875.00,13207.72,12255.77,52898.23,577,-229,-310,16064,-3720,2628,U
50021.19,19954.44,13104.40,12207.45,55389.91,-135,-509,-21,15768,-4036,1020,U
53811.66,19954.44,13207.72,12015.85,53811.66,3,-15,-162,15840,-4012,1396,U
52599.12,19795.92,13104.40,12352.94,54750.00,157,-438,-467,15888,-3912,1300,U
54750.00,19875.00,13155.96,12207.45,52898.23,101,-306,-130,15880,-4128,1276,U
58071.43,20034.25,13001.82,12159.29,50858.37,223,-334,-222,15864,-4444,1488,U
52599.12,19717.19,13207.72,12015.85,52599.12,341,-94,-367,15896,-3888,1488,U
53811.66,19795.92,13155.96,12015.85,51142.25,97,-391,-225,15832,-4336,1212,U
53200.00,19795.92,13155.96,12255.77,53504.46,161,-92,-254,15868,-4184,1532,U
46875.00,18577.68,16704.55,15386.14,50021.19,-482,-1334,-251,15928,-708,-824,V
51142.25,18358.69,16125.76,15088.23,55714.29,-565,-383,304,15892,-900,-1640,V
50021.19,18358.69,15937.50,15029.35,58071.43,46,-108,-275,15820,-1148,-1664,V
50297.87,18142.55,16968.75,15875.25,48937.50,-136,-742,167,15608,-1136,-2336,V
48409.09,18286.34,15813.25,14396.55,49474.79,583,-112,-131,15888,-1520,-1512,V
47632.65,18142.55,15813.25,14396.55,52302.63,173,-131,-206,15732,-1864,-2236,V
50297.87,18142.55,15266.27,14228.57,53504.46,38,-110,-153,16036,-1560,-1256,V
45892.86,18071.12,15206.69,14228.57,54434.39,72,-143,-150,15892,-1708,-972,V
48937.50,18142.55,15147.35,14007.56,53811.66,205,-381,55,15808,-2456,-1336,V
49746.84,17929.18,17237.39,14509.62,52898.23,892,-381,-242,15692,-2672,-2096,V
46626.50,18000.00,16902.29,14452.98,53811.66,448,-286,-328,16084,-1924,-488,V
48409.09,18000.00,16252.54,14284.35,52898.23,18,-590,-74,15704,-2116,-1328,V
48937.50,18142.55,16189.02,14228.57,50021.19,141,-59,-9,15972,-2392,-1392,V
53811.66,18071.12,16125.76,14228.57,55068.49,-571,-234,-1624,17172,-2040,-1144,V
52599.12,18071.12,16316.32,14340.34,53504.46,-744,1667,-464,14672,-3980,-1752,V
53811.66,18358.69,16509.24,14396.55,50858.37,2148,-190,-685,15728,-2844,-3612,V
49474.79,18431.37,16444.67,14452.98,52599.12,-234,2,-273,15460,-3800,-2396,V
48937.50,18286.34,16380.37,14509.62,51428.57,456,-197,43,15160,-3972,-2172,V
48409.09,18286.34,16444.67,14566.47,53200.00,756,329,-295,15344,-4112,-1936,V
48937.50,18142.55,16316.32,14452.98,56372.09,3474,1317,-1887,14920,-7120,892,V
53811.66,18651.32,16252.54,14509.62,49205.02,-326,-6798,2199,16340,-6036,2696,V
51142.25,18504.37,16444.67,14796.12,49205.02,1077,-507,-123,14704,-6160,-996,V
54121.62,18504.37,16316.32,14912.28,50021.19,365,286,37,15220,-5648,-652,V
48937.50,18504.37,16380.37,14854.09,48937.50,-357,152,-79,15180,-5956,380,V
52599.12,18651.32,16316.32,14738.37,50297.87,-218,-157,-262,15196,-6252,160,V
49474.79,18504.37,16316.32,14680.85,47632.65,17,752,228,14608,-6800,2060,V
46875.00,18577.68,16252.54,14738.37,51717.39,463,-2034,-461,15348,-7384,2544,V
48148.15,18214.29,16125.76,14623.55,53811.66,-312,-658,1329,14932,-4304,5064,V
49474.79,18431.37,16189.02,14738.37,56372.09,2740,1093,-573,16352,-3348,6408,V
48937.50,18431.37,16189.02,14566.47,48409.09,1442,-588,-131,15668,-3208,6012,V
49746.84,18431.37,16189.02,14566.47,56705.61,0,-546,345,15776,-3628,5016,V
50297.87,18577.68,16189.02,14623.55,50021.19,64,-106,-50,15632,-4056,4280,V
48937.50,18431.37,16189.02,14566.47,48148.15,-469,-302,-156,15856,-3748,4744,V
48937.50,18431.37,16125.76,14509.62,51428.57,478,-488,-99,15556,-4252,5232,V
51717.39,18358.69,16189.02,14509.62,49474.79,84,-408,-184,15680,-4092,4964,V
51428.57,18431.37,16189.02,14509.62,50021.19,119,-367,-241,15812,-3996,4432,V
47889.34,18431.37,16062.75,14452.98,49746.84,167,-266,-229,15756,-4084,4452,V
51428.57,18286.34,16902.29,16316.32,50021.19,640,-290,-598,15756,-4104,3416,V
50858.37,18358.69,15813.25,14680.85,46875.00,-982,339,-681,16076,-3448,3592,V
53811.66,18286.34,15751.50,14623.55,51428.57,-242,1377,-147,16040,-3520,3572,V
49205.02,18286.34,15751.50,14623.55,49474.79,255,-239,-239,15876,-3880,2856,V
49205.02,18358.69,15751.50,14623.55,55068.49,-58,-426,-129,15992,-3592,3112,V
53811.66,18577.68,15690.00,14566.47,50297.87,154,203,-389,15864,-3924,3816,V
58071.43,9280.06,12748.64,11921.05,59853.66,67,-192,-341,15212,-5248,5548,W
59490.29,9165.35,12748.64,11968.37,57382.08,-244,-375,-190,15136,-5200,5512,W
55389.91,9280.06,12698.56,12015.85,58071.43,477,-706,-27,15184,-5816,4824,W
64507.77,9165.35,12748.64,12015.85,62110.55,262,-650,66,15056,-6072,4464,W
59130.43,9357.14,12748.64,12015.85,58774.04,190,-86,92,15108,-5776,4808,W
56041.67,9089.48,12798.91,12015.85,56041.67,151,-270,-222,15076,-6224,4756,W
61725.00,9318.54,12798.91,12015.85,60220.59,140,-179,-304,14876,-6084,5100,W
59130.43,9630.82,12900.00,12255.77,58421.05,-27,406,-709,14956,-6072,5528,W
58071.43,9670.42,12950.82,12063.49,57382.08,214,-301,-223,15136,-6044,4720,W
58071.43,9089.48,12798.91,12111.31,54750.00,-329,-138,-215,15040,-5688,5284,W
60965.34,9395.87,12798.91,12255.77,54750.00,42,-554,-208,15040,-5320,5192,W
62110.55,9630.82,12849.36,12111.31,59130.43,445,-462,-155,15080,-6320,4316,W
53504.46,9395.87,12849.36,11921.05,58071.43,-603,-123,-163,15180,-5748,5128,W
56041.67,9473.68,12950.82,12063.49,55714.29,3,-393,-185,15028,-6084,4772,W
59853.66,9512.78,12849.36,12015.85,54121.62,66,-355,-189,15012,-5852,4812,W
57042.25,9552.00,12849.36,12063.49,56041.67,-35,-318,-162,15024,-6108,4720,W
60591.13,9630.82,13001.82,12159.29,53504.46,244,-298,-185,15064,-5756,4992,W
65340.31,9552.00,12849.36,12063.49,56372.09,304,-319,-322,15072,-6368,4536,W
58421.05,9710.15,12950.82,12207.45,56372.09,7,-177,-309,14984,-6072,4816,W
69313.19,10114.57,13001.82,12159.29,56705.61,51,-110,-340,15096,-5932,5212,W
57042.25,9670.42,12950.82,12111.31,53504.46,-960,183,-220,14996,-6108,4848,W
57382.08,9910.71,13053.01,12063.49,53200.00,483,-564,-133,14864,-6932,4104,W
56041.67,9870.34,12950.82,12111.31,55714.29,-174,-34,-96,14820,-6488,4424,W
52898.23,9870.34,12798.91,12159.29,51428.57,-164,-409,-271,14884,-6380,4644,W
63290.82,9710.15,12748.64,12207.45,58071.43,-156,-660,-41,14904,-6472,4740,W
55068.49,9710.15,13104.40,11968.37,49746.84,-351,-273,-110,14856,-6540,4196,W
53811.66,9750.00,13053.01,12159.29,50858.37,286,-606,-82,14756,-7132,3740,W
48409.09,9710.15,13053.01,12063.49,54121.62,-224,-372,-43,14776,-6860,3824,W
52008.73,9991.86,13053.01,12159.29,49474.79,352,-549,77,14920,-6660,3964,W
53504.46,9789.98,12950.82,12159.29,51717.39,485,-247,-188,15076,-6376,3892,W
54434.39,9951.22,13001.82,12255.77,50858.37,-273,-34,-344,15320,-5520,4928,W
53504.46,9951.22,12950.82,12111.31,52599.12,147,-415,-284,15092,-5716,4676,W
49746.84,10073.53,13053.01,11826.92,44708.17,441,-177,-295,15192,-5932,4720,W
52008.73,9910.71,13053.01,12159.29,50297.87,-113,-42,-268,15232,-6172,4180,W
52898.23,9710.15,13001.82,12255.77,53504.46,-27,51,-195,15080,-6232,4580,W
53811.66,10197.04,13001.82,12304.27,58071.43,-112,91,-257,15136,-5808,4652,W
56041.67,9870.34,13053.01,12111.31,50858.37,-666,482,-376,14864,-6504,4312,W
56372.09,9951.22,13053.01,12207.45,51717.39,82,-101,-375,14948,-6480,4392,W
51428.57,9910.71,13053.01,12255.77,51142.25,215,-225,-231,14928,-6376,4456,W
53200.00,9991.86,13001.82,12207.45,51428.57,-204,-96,-161,14980,-6296,4440,W
52599.12,10155.74,13001.82,12207.45,49474.79,560,-223,-472,15032,-6600,4184,W
54121.62,9830.10,13001.82,12015.85,52599.12,-293,92,-197,15040,-6232,4260,W
53504.46,10114.57,13001.82,12015.85,52302.63,-252,255,-225,15172,-6228,4288,W
44476.74,22426.83,30399.41,25275.59,43125.00,698,580,-53,15732,-3892,3040,X
53504.46,22065.22,31926.61,24548.97,47889.34,736,-388,501,15644,-4292,3524,X
53504.46,22154.96,30669.64,24753.88,46875.00,116,-472,-15,15772,-4548,3744,X
56372.09,21710.53,29868.42,24548.97,47125.50,105,-360,-180,15504,-4904,3508,X
59130.43,21975.90,28225.35,22888.89,50297.87,-93,-810,-245,15724,-4840,2624,X
56372.09,21710.53,30132.36,23946.70,48937.50,-281,-270,-503,15628,-4984,2672,X
56041.67,21622.91,30265.49,23848.10,46875.00,195,-642,-365,15696,-5008,2628,X
52898.23,21535.71,30265.49,22982.67,47125.50,334,-155,-396,15608,-5012,2616,X
55389.91,21887.02,28593.75,23652.39,47632.65,151,-204,-241,15680,-4892,2776,X
57382.08,21535.71,29478.26,23555.27,46626.50,34,-64,-336,15820,-4716,2724,X
53504.46,21362.56,29737.61,23266.83,48672.20,-47,149,-275,15660,-5064,2980,X
50858.37,22335.77,27983.19,23848.10,44476.74,150,-170,-195,15640,-4860,2488,X
53200.00,21535.71,29478.26,23266.83,42905.66,10,-315,-346,15636,-4712,3040,X
52302.63,20936.77,29737.61,22888.89,43125.00,255,-173,-284,15552,-5076,2992,X
51428.57,21362.56,29221.90,22982.67,48148.15,259,-189,-84,15524,-5524,1308,X
53811.66,21276.60,29094.83,22795.56,49205.02,95,-190,-359,15656,-5108,2976,X
53504.46,21276.60,28968.48,22610.29,48672.20,-252,-436,-194,15692,-5280,2912,X
60591.13,21276.60,27506.93,22154.96,48409.09,-126,-142,-251,15524,-5192,3744,X
56705.61,21105.88,28593.75,22610.29,46135.45,-228,-327,-260,15524,-5068,2892,X
55068.49,21021.13,29478.26,22245.15,48409.09,-234,-849,-400,15580,-5032,3044,X
65340.31,21191.04,28593.75,22610.29,47125.50,-138,-438,-262,15556,-5088,2440,X
55389.91,21105.88,28968.48,22610.29,49474.79,-42,-457,-344,15540,-5132,2716,X
53200.00,20936.77,28470.25,22426.83,47378.05,-135,-548,-315,15600,-5196,2776,X
54121.62,21105.88,28470.25,22154.96,47378.05,-178,-184,-337,15532,-5260,2776,X
59130.43,21191.04,27983.19,22702.70,48148.15,-172,-313,-234,15532,-5344,2896,X
53811.66,20852.80,28103.93,22702.70,47378.05,-189,-418,-285,15528,-5156,2580,X
52302.63,20520.83,27743.73,22426.83,47889.34,22,-285,-282,15572,-5132,2556,X
53811.66,21276.60,28347.46,22426.83,46626.50,-107,-336,-256,15532,-5228,2636,X
53200.00,21021.13,28225.35,22154.96,48148.15,-373,-288,-349,15536,-5144,2384,X
54434.39,21021.13,28717.95,22426.83,48937.50,-529,202,-686,15648,-4696,3696,X
57725.12,20769.23,27506.93,22245.15,46875.00,-202,-529,-565,15404,-5720,2396,X
53811.66,20936.77,28717.95,21622.91,45892.86,-413,-1284,-595,16016,-3112,3864,X
53504.46,21191.04,28103.93,20686.05,42044.61,-2059,811,344,16108,-2116,1996,X
54750.00,20603.25,28225.35,20357.14,49205.02,-505,35,-37,16168,-2840,2756,X
56372.09,20686.05,29094.83,20034.25,45176.47,-9,569,-467,16120,-2652,2964,X
51717.39,20438.80,27983.19,21105.88,45892.86,350,350,-220,16128,-3120,2860,X
57725.12,20520.83,28347.46,20686.05,44708.17,506,-267,-287,16092,-3000,3400,X
53811.66,20603.25,28347.46,21021.13,44941.41,256,-116,-260,16100,-3164,3148,X
51717.39,20769.23,27863.13,20852.80,45176.47,295,48,-345,16068,-3196,3148,X
65340.31,20194.95,27863.13,20520.83,45652.17,95,189,-380,16060,-3360,3216,X
62893.40,20520.83,27743.73,20936.77,41415.44,-17,165,-346,16048,-3444,3612,X
60220.59,20852.80,26811.99,20357.14,42257.46,1864,-1915,-360,16016,-3804,2004,X
52302.63,21021.13,26585.37,20275.86,53811.66,-115,55,-68,15556,-4752,4744,X
56372.09,20520.83,27272.73,20034.25,45176.47,188,-121,-262,15316,-4916,5120,X
35643.57,18725.27,25920.00,29221.90,27156.59,18,-133,-307,15356,-3824,6836,Y
32070.55,18651.32,25065.28,26139.41,28103.93,-445,-491,-816,15508,-4952,5640,Y
34025.56,18504.37,25065.28,25595.24,26698.37,351,-112,-317,15732,-3800,5228,Y
34821.43,18286.34,26472.97,24960.94,27041.10,633,-1014,-772,15640,-3344,4724,Y
33869.43,18577.68,26139.41,27272.73,27863.13,-748,-568,-958,15344,-4812,4744,Y
34983.71,18358.69,25920.00,26926.23,26472.97,341,1093,440,15728,-3960,3636,Y
32507.74,18358.69,25488.13,26585.37,31359.52,683,-167,136,15540,-4868,4852,Y
33254.72,18358.69,24960.94,25381.58,30399.41,-456,-692,-485,15212,-5380,5812,Y
33714.29,18358.69,25381.58,26472.97,30805.97,-274,-847,-599,15492,-5124,4416,Y
33103.45,18358.69,25702.92,26811.99,31783.54,409,-67,-232,15464,-4804,3880,Y
33869.43,18358.69,25702.92,25811.17,31359.52,-21,-217,-86,15404,-5340,4516,Y
33560.13,18286.34,25811.17,26250.00,31081.08,-375,-365,-358,15360,-5024,4948,Y
35811.26,18286.34,25065.28,25920.00,32507.74,168,-445,-83,15372,-4924,4936,Y
32361.11,18431.37,25595.24,25920.00,31500.00,104,-1135,-326,15540,-5032,4636,Y
35643.57,18286.34,25595.24,25920.00,31500.00,-842,-958,-512,15448,-4696,5232,Y
33103.45,18431.37,25595.24,25170.16,33103.45,1053,-785,-325,15624,-5140,4144,Y
34340.84,18504.37,26361.18,25920.00,32361.11,-757,-482,-531,15368,-5012,5808,Y
33254.72,18286.34,25170.16,25170.16,31926.61,171,-327,-155,15388,-4928,4720,Y
34983.71,18358.69,25275.59,25702.92,31500.00,76,-263,-259,15520,-4844,4784,Y
39222.61,18000.00,25381.58,25595.24,32655.28,140,-202,-282,15524,-4812,4876,Y
34340.84,18358.69,25488.13,25595.24,31926.61,473,-293,-171,15488,-4916,5012,Y
34983.71,18286.34,25275.59,24753.88,32803.74,204,-275,-247,15420,-4924,4916,Y
32953.12,18358.69,25488.13,25488.13,30669.64,230,-207,-185,15392,-4920,5004,Y
35643.57,18214.29,25381.58,26361.18,32803.74,114,-685,-176,15284,-5240,4812,Y
34983.71,18577.68,25488.13,25381.58,32361.11,291,55,-171,15388,-5356,4836,Y
33560.13,18431.37,25170.16,25811.17,32070.55,763,-245,139,15228,-5560,5400,Y
32953.12,18358.69,25275.59,25488.13,31359.52,419,-104,-246,15268,-5396,4864,Y
37016.95,18577.68,25381.58,25488.13,32507.74,-330,190,-220,15312,-5260,4692,Y
33869.43,18431.37,25065.28,25170.16,31081.08,872,151,-88,15136,-5164,5576,Y
34340.84,18286.34,25595.24,24960.94,33103.45,-35,-163,-332,15164,-6016,5320,Y
34821.43,18358.69,25170.16,25065.28,32361.11,179,100,-292,15136,-5764,5924,Y
34821.43,18358.69,25381.58,25595.24,32953.12,-962,-342,-608,15092,-6180,5060,Y
34182.70,18286.34,25275.59,25170.16,31926.61,-308,-263,-413,15044,-6072,5348,Y
34500.00,18071.12,25381.58,25595.24,32803.74,-185,200,-633,15168,-5540,5220,Y
34340.84,18286.34,24548.97,25275.59,33254.72,-655,57,-485,15248,-5580,5784,Y
34821.43,18286.34,24857.14,25702.92,33103.45,-54,-168,-275,15340,-5304,4256,Y
34983.71,18286.34,26472.97,24045.80,31641.34,432,-312,77,15132,-5556,5248,Y
32953.12,18431.37,24960.94,25488.13,32070.55,-181,-586,-260,15376,-5292,4520,Y
34821.43,18286.34,25488.13,24651.16,32507.74,387,-473,31,15616,-5008,3312,Y
35643.57,18577.68,25170.16,25811.17,32215.38,634,-141,-115,15348,-5380,3740,Y
34182.70,18431.37,25381.58,24960.94,32361.11,651,-158,-36,15344,-5592,4160,Y
34821.43,18358.69,25488.13,25065.28,32215.38,1221,163,-5,15112,-5668,5296,Y
34821.43,18071.12,25170.16,25065.28,31641.34,181,-127,-271,15212,-5720,4920,Y
64507.77,22518.34,30000.00,12798.91,53504.46,3551,-2354,3629,13136,4252,9872,Z
61343.28,22245.15,28593.75,12900.00,54121.62,-12664,7518,-16364,11244,-4536,4008,Z
58071.43,22795.56,30399.41,12648.65,56705.61,-558,-4560,9399,14636,8932,7132,Z
65340.31,21710.53,27983.19,12648.65,52302.63,3657,-4032,7131,11596,-88,15800,Z
58071.43,21276.60,27743.73,12598.92,53504.46,-9251,9885,-16296,14216,9888,10828,Z
56041.67,21105.88,27156.59,12598.92,53200.00,11305,7062,15698,11180,2080,10044,Z
59130.43,21021.13,27389.50,12549.37,46875.00,1374,-4945,9287,8648,-8844,9160,Z
53504.46,21105.88,26585.37,12748.64,53811.66,-11870,2227,-20770,12908,6272,13460,Z
56041.67,20686.05,26926.23,12598.92,57725.12,1728,-603,4262,14212,8936,9160,Z
53504.46,20852.80,27272.73,12598.92,57725.12,4271,854,-12450,6444,-15492,23068,Z
54434.39,20603.25,27863.13,12549.37,44019.23,-7196,6925,-17207,11956,-3940,9344,Z
61343.28,20603.25,27863.13,12598.92,44941.41,-4637,247,5659,14484,8356,9016,Z
51428.57,20852.80,26472.97,12401.79,58071.43,14533,-774,14676,6680,-16636,17672,Z
56372.09,20603.25,26585.37,12401.79,51428.57,-4073,1678,1317,5008,-16572,14520,Z
54750.00,20357.14,26698.37,12549.37,56372.09,-11693,9151,-23150,9516,-5340,9904,Z
51428.57,20520.83,25920.00,12352.94,53504.46,-64,-1559,3695,16988,12968,8160,Z
48937.50,20520.83,26585.37,12549.37,53811.66,14508,5190,11922,12272,-9392,14004,Z
53504.46,20520.83,26472.97,12255.77,50297.87,-15485,-3577,-21926,10432,-1372,15232,Z
56041.67,20114.41,26811.99,12352.94,51428.57,-12125,-1680,-24441,11380,4184,9608,Z
54121.62,20275.86,25381.58,12401.79,50858.37,9005,6348,9033,9132,-5908,16500,Z
55714.29,20357.14,26139.41,12304.27,46135.45,-12175,-1365,-14099,9860,-9372,8484,Z
51142.25,20194.95,24960.94,12207.45,48937.50,-853,-4051,2027,10140,7048,14744,Z
51717.39,20194.95,26585.37,12500.00,45413.38,10364,2126,18274,9104,-4392,11524,Z
55068.49,20275.86,26361.18,12549.37,49205.02,-5335,5896,-11072,10456,16112,15544,Z
51142.25,20194.95,26250.00,12549.37,46626.50,-2977,-260,-701,7772,-15124,13424,Z
51142.25,20034.25,26250.00,12352.94,48672.20,-3794,8977,-13957,7560,12864,23320,Z
53811.66,20114.41,25920.00,12648.65,46626.50,14507,-256,14339,8232,-9000,10356,Z
57382.08,20275.86,25811.17,12401.79,46380.00,-8080,-4038,1820,8876,-14784,11996,Z
53811.66,19875.00,25811.17,12207.45,42905.66,-7657,5367,-23267,6936,-6736,12700,Z
54121.62,20034.25,26029.41,12401.79,48937.50,2318,2491,6176,12208,9996,14764,Z
52008.73,20034.25,26811.99,12450.81,46875.00,-9593,-8980,-5434,6476,-14836,12236,Z
59853.66,19875.00,26029.41,12450.81,50858.37,2820,-4574,10278,10076,-3696,17648,Z
56372.09,20114.41,26029.41,12500.00,49205.02,-1930,-3050,-1156,9112,8268,18820,Z
53811.66,20114.41,25920.00,12598.92,48937.50,14947,2542,11912,7572,-14016,14376,Z
53504.46,19954.44,24857.14,12450.81,51428.57,-9431,-8071,430,7208,-16776,15536,Z
55714.29,19875.00,26250.00,12450.81,50297.87,5023,-2032,7349,10548,-3744,16168,Z
52898.23,19795.92,26250.00,12598.92,46875.00,3012,-5155,-5232,10540,15956,23768,Z
44941.41,19175.95,26585.37,12698.56,49474.79,-509,10574,-5557,9632,-20540,17468,Z
53200.00,19795.92,25170.16,12450.81,53811.66,1612,-3213,-6828,8808,9824,24180,Z
54750.00,19875.00,26139.41,12598.92,45892.86,14244,2934,18678,8456,-3692,9748,Z
55068.49,19560.81,25595.24,12598.92,44476.74,-9767,-3769,-24795,6904,-8652,3316,Z
52008.73,19875.00,26029.41,12598.92,45176.47,-9336,-6628,3381,8656,-14780,11788,Z